0,1,2,3,4,6,7,8,9,10 
11,11,12,13,15,16,17,18,18,20 
20,22,22,24,24,25,26,28,29,29 
31,31,32,34,35,35,36,37,38,39 
41,42,42,44,44,46,47,48,48,49 
51,51,53,54,54,56,56,57,58,60 
60,62,63,63,64,65,66,68,68,70 
71,71,73,73,75,76,77,77,78,79 
80,82,82,83,84,85,86,87,88,89 
91,92,92,94,94,95,96,97,98,100 
100,101,102,103,105,105,107,107,108,109 
110,112,113,114,115,116,116,117,119,119 
121,121,122,123,124,125,126,127,128,130 
130,132,132,134,135,135,136,138,139,140 
141,142,143,143,144,146,147,148,148,149 
150,151,152,153,155,155,157,157,158,159 
161,162,162,164,165,166,167,168,169,169 
171,171,172,174,175,175,177,177,179,180 
180,182,182,183,184,185,187,188,189,190 
190,192,192,193,195,195,197,198,199,199 
200,202,202,204,204,205,206,207,209,209 
210,212,212,213,214,215,216,217,218,219 
220,222,223,224,225,226,227,227,228,229 
231,231,233,234,234,235,237,237,239,239 
241,242,243,243,245,245,247,247,248,250 
251,251,253,254,254,256,256,257,258,259 
260,261,263,263,264,266,267,267,269,270 
271,272,273,273,275,276,276,278,279,279 
280,282,282,284,285,286,287,288,288,289 
290,291,293,294,294,295,297,297,298,299 
300,301,303,303,304,306,306,308,309,310 
311,312,312,313,314,315,316,317,318,320 
321,322,322,323,324,325,327,328,328,329 
331,331,332,334,334,336,337,338,339,339 
341,341,343,344,345,346,347,348,348,350 
351,351,353,354,354,355,357,358,358,360 
360,362,363,363,364,365,366,367,368,369 
371,372,372,374,375,375,377,378,378,380 
381,382,382,384,384,386,386,388,389,390 
391,391,392,393,395,396,396,398,399,400 
401,401,403,404,404,406,407,407,409,410 
410,411,413,414,414,415,416,417,419,419 
421,421,423,423,425,425,427,428,428,429 
430,432,432,433,435,436,437,438,439,439 
440,441,442,443,444,446,446,448,448,449 
450,452,453,454,454,455,457,457,459,459 
460,462,463,463,464,465,466,467,469,469 
470,472,472,473,475,476,477,477,478,479 
480,482,482,484,484,485,487,488,488,489 
490,491,493,493,494,495,496,497,498,499 
500,501,502,504,504,506,507,508,509,510 
510,512,512,514,514,515,517,517,519,520 
521,521,523,524,524,525,526,528,529,529 
531,531,532,533,534,535,536,538,538,539 
541,542,542,543,545,545,547,547,548,549 
550,552,552,554,555,555,556,558,559,559 
560,561,563,563,565,565,567,568,568,570 
571,571,572,573,575,576,577,577,578,580 
580,581,583,584,585,585,587,587,589,589 
590,591,593,594,594,596,596,597,598,599 
601,602,603,604,604,605,607,607,609,610 
610,612,612,614,615,615,616,617,619,620 
620,621,623,623,624,626,626,628,628,630 
630,631,632,633,635,636,637,638,639,640 
641,641,642,643,644,646,647,647,648,649 
651,651,652,654,655,655,657,658,658,660 
661,662,663,664,664,665,666,668,668,670 
670,672,673,674,674,675,677,678,679,679 
680,681,683,684,685,686,686,687,689,689 
691,692,692,694,694,696,696,698,699,699 
700,702,703,703,704,706,707,708,708,710 
711,712,712,713,714,715,716,718,719,720 
721,721,723,724,724,726,727,727,728,730 
730,732,733,733,734,735,736,737,738,739 
741,742,743,743,745,745,747,747,749,750 
750,752,752,754,755,756,756,757,758,759 
761,761,763,764,765,766,767,767,768,770 
771,772,772,773,775,776,776,778,778,780 
780,781,782,783,785,785,786,787,788,789 
791,792,792,794,795,796,797,798,799,799 
800,801,802,804,804,806,807,807,808,809 
810,812,812,813,815,815,816,817,818,819 
820,821,823,823,824,825,827,827,829,829 
831,832,832,834,835,835,837,838,838,840 
841,842,843,844,845,846,847,848,848,849 
851,851,853,853,854,856,857,858,858,859 
861,862,863,863,865,865,867,868,868,870 
870,872,872,873,875,876,877,877,878,879 
880,881,883,883,884,886,887,887,888,890 
890,892,893,894,895,896,896,898,898,899 
900,901,903,903,904,905,906,907,909,909 
910,911,912,914,915,915,917,917,918,920 
920,921,923,923,924,925,927,928,929,929 
931,932,932,933,935,935,937,938,938,940 
941,941,942,944,945,946,946,948,949,949 
951,952,952,953,954,955,957,958,959,959 
961,962,963,963,964,966,967,967,968,970 
970,972,972,973,974,976,977,977,978,980 
981,982,982,984,985,985,986,987,989,990 
990,991,992,994,995,996,997,998,998,999 
1001,1002,1003,1004,1004,1006,1006,1008,1008,1009 
1010,1011,1013,1013,1014,1015,1017,1018,1018,1020 
1020,1021,1022,1023,1024,1025,1026,1027,1028,1030 
1030,1031,1033,1034,1034,1036,1036,1037,1039,1039 
1040,1041,1042,1043,1044,1046,1047,1047,1048,1049 
1050,1051,1052,1054,1055,1056,1056,1057,1058,1060 
1060,1062,1062,1063,1065,1065,1067,1068,1068,1070 
1070,1071,1073,1073,1075,1075,1076,1077,1079,1079 
1081,1081,1083,1083,1084,1085,1087,1088,1089,1090 
1090,1091,1092,1093,1095,1095,1096,1097,1098,1100 
1100,1101,1103,1103,1104,1105,1106,1107,1109,1109 
1110,1112,1113,1114,1114,1115,1117,1118,1118,1120 
1120,1121,1122,1124,1124,1125,1127,1128,1128,1130 
1131,1131,1133,1133,1135,1136,1137,1138,1138,1139 
1140,1141,1142,1143,1145,1146,1147,1148,1148,1149 
1150,1152,1152,1154,1155,1155,1156,1158,1159,1160 
1161,1161,1163,1164,1165,1166,1167,1168,1169,1169 
1170,1172,1173,1174,1175,1176,1177,1177,1179,1179 
1180,1181,1183,1183,1184,1186,1186,1188,1188,1189 
1190,1192,1193,1193,1194,1195,1197,1198,1198,1199 
1201,1201,1203,1204,1205,1205,1206,1208,1208,1210 
1210,1211,1212,1214,1214,1215,1217,1217,1219,1219 
1221,1221,1223,1223,1224,1226,1227,1228,1228,1230 
1231,1232,1233,1233,1234,1236,1237,1238,1239,1240 
1240,1242,1243,1244,1244,1246,1247,1247,1248,1249 
1251,1251,1253,1254,1254,1255,1256,1258,1258,1259 
1261,1261,1262,1263,1265,1266,1267,1267,1268,1269 
1271,1271,1273,1273,1274,1276,1277,1278,1278,1280 
1281,1281,1283,1283,1285,1286,1287,1287,1288,1289 
1291,1291,1293,1294,1295,1295,1296,1298,1298,1299 
1300,1301,1302,1304,1305,1306,1306,1308,1309,1310 
1310,1311,1313,1314,1315,1315,1317,1317,1319,1319 
1320,1322,1322,1323,1324,1326,1327,1328,1329,1330 
1331,1332,1332,1333,1334,1336,1336,1337,1339,1339 
1340,1341,1343,1343,1345,1346,1346,1348,1348,1349 
1350,1351,1353,1353,1354,1355,1357,1357,1358,1360 
1361,1361,1362,1363,1365,1365,1367,1367,1369,1370 
1370,1372,1373,1374,1375,1375,1377,1378,1379,1379 
1381,1382,1382,1384,1385,1385,1387,1387,1389,1390 
1390,1391,1392,1393,1394,1395,1397,1398,1399,1400 
1401,1402,1403,1404,1404,1406,1406,1407,1408,1410 
1411,1411,1412,1414,1415,1416,1416,1417,1418,1419 
1421,1422,1422,1424,1424,1426,1426,1428,1429,1429 
1431,1431,1432,1434,1434,1435,1436,1437,1438,1439 
1440,1442,1443,1444,1444,1446,1447,1447,1449,1450 
1451,1451,1453,1454,1455,1456,1456,1457,1459,1459 
1460,1461,1462,1464,1464,1466,1467,1467,1468,1470 
1470,1472,1472,1474,1474,1475,1477,1477,1478,1480 
1481,1482,1482,1483,1485,1486,1486,1488,1488,1490 
1490,1491,1492,1494,1494,1496,1497,1498,1499,1500 
1500,1502,1502,1504,1504,1506,1507,1508,1508,1510 
1511,1511,1513,1513,1514,1516,1517,1517,1518,1520 
1520,1522,1522,1524,1524,1526,1527,1528,1529,1530 
1531,1531,1533,1534,1535,1536,1537,1538,1538,1540 
1540,1541,1542,1544,1545,1546,1547,1547,1549,1550 
1551,1552,1553,1554,1554,1556,1557,1557,1559,1560 
1561,1562,1562,1563,1564,1566,1566,1568,1569,1569 
1571,1571,1573,1574,1575,1575,1577,1578,1579,1580 
1580,1581,1582,1583,1584,1586,1587,1588,1588,1590 
1591,1592,1593,1594,1594,1596,1596,1598,1598,1599 
1601,1601,1602,1604,1605,1606,1607,1608,1608,1609 
1611,1612,1612,1614,1615,1615,1616,1617,1619,1619 
1620,1621,1623,1623,1624,1626,1626,1628,1629,1629 
1630,1631,1633,1634,1634,1635,1636,1637,1639,1640 
1640,1641,1642,1644,1645,1646,1646,1647,1648,1649 
1651,1652,1652,1654,1655,1655,1657,1658,1659,1659 
1660,1661,1663,1664,1665,1665,1667,1667,1668,1669 
1670,1671,1672,1674,1675,1676,1676,1678,1678,1680 
1681,1681,1682,1683,1684,1685,1687,1688,1689,1689 
1691,1691,1692,1693,1694,1696,1696,1697,1698,1699 
1700,1702,1703,1704,1704,1705,1707,1708,1708,1709 
1711,1712,1712,1713,1715,1716,1717,1718,1718,1720 
1720,1722,1723,1723,1724,1725,1727,1727,1728,1729 
1730,1731,1732,1734,1735,1735,1737,1737,1738,1740 
1740,1742,1743,1744,1744,1745,1747,1748,1749,1749 
1750,1751,1753,1754,1754,1755,1756,1757,1758,1759 
1761,1761,1762,1764,1765,1766,1767,1767,1768,1770 
1771,1772,1772,1773,1775,1776,1776,1778,1778,1779 
1780,1782,1783,1783,1784,1785,1787,1787,1788,1790 
1790,1792,1793,1794,1795,1796,1797,1798,1798,1799 
1801,1801,1803,1803,1804,1806,1806,1808,1808,1810 
1810,1812,1812,1814,1815,1816,1816,1817,1818,1820 
1821,1821,1823,1824,1825,1825,1826,1828,1829,1830 
1830,1831,1832,1833,1834,1836,1836,1838,1839,1840 
1841,1841,1842,1844,1844,1845,1847,1847,1848,1849 
1850,1851,1853,1853,1855,1855,1856,1857,1858,1859 
1860,1862,1863,1864,1864,1866,1867,1868,1869,1869 
1871,1871,1872,1874,1874,1876,1877,1877,1878,1880 
1880,1882,1883,1884,1885,1885,1887,1888,1889,1890 
1890,1892,1892,1893,1895,1895,1897,1898,1898,1899 
1901,1902,1902,1904,1905,1906,1906,1908,1909,1910 
1911,1912,1912,1913,1914,1915,1916,1918,1918,1919 
1921,1922,1923,1924,1925,1925,1926,1927,1928,1930 
1931,1932,1933,1934,1934,1936,1936,1938,1938,1939 
1941,1942,1942,1944,1944,1945,1947,1947,1948,1949 
1950,1951,1952,1953,1955,1955,1956,1957,1959,1960 
1960,1961,1962,1964,1964,1965,1967,1968,1969,1969 
1970,1972,1973,1973,1975,1975,1977,1977,1978,1980 
1980,1982,1982,1983,1985,1985,1987,1988,1988,1990 
1990,1991,1992,1994,1994,1996,1996,1998,1999,1999 
2000,2002,2003,2003,2004,2005,2007,2007,2009,2010 
2010,2012,2013,2013,2014,2015,2016,2018,2018,2019 
2021,2021,2022,2024,2025,2026,2026,2028,2028,2029 
2030,2031,2032,2033,2035,2036,2037,2038,2039,2039 
2041,2041,2043,2044,2044,2045,2046,2047,2048,2050 
2051,2051,2053,2054,2054,2055,2056,2057,2059,2060 
2061,2061,2063,2064,2064,2065,2067,2068,2069,2070 
2070,2071,2072,2074,2074,2075,2076,2078,2078,2079 
2081,2082,2082,2083,2085,2085,2086,2087,2088,2090 
2091,2092,2092,2093,2094,2095,2097,2098,2099,2099 
2101,2101,2103,2103,2104,2106,2107,2107,2108,2109 
2110,2111,2112,2113,2115,2116,2117,2118,2119,2119 
2120,2122,2122,2123,2124,2126,2127,2128,2128,2130 
2131,2132,2133,2133,2134,2136,2136,2137,2138,2140 
2140,2141,2143,2143,2144,2146,2146,2147,2149,2149 
2151,2151,2152,2153,2155,2156,2157,2158,2159,2160 
2160,2161,2162,2164,2164,2166,2166,2168,2169,2170 
2170,2171,2173,2173,2175,2176,2176,2178,2178,2180 
2181,2182,2183,2183,2184,2186,2187,2188,2189,2190 
2190,2191,2193,2193,2195,2195,2196,2198,2199,2200 
2200,2201,2203,2203,2204,2205,2207,2208,2209,2209 
2210,2211,2212,2213,2215,2215,2216,2217,2218,2220 
2220,2222,2223,2223,2224,2225,2226,2227,2229,2230 
2231,2231,2232,2233,2234,2235,2237,2237,2239,2239 
2241,2242,2242,2244,2244,2246,2247,2247,2248,2249 
2250,2251,2252,2254,2254,2256,2256,2257,2258,2260 
2261,2262,2263,2264,2265,2266,2267,2268,2269,2269 
2270,2272,2273,2274,2275,2275,2276,2278,2278,2280 
2280,2282,2283,2284,2285,2286,2287,2288,2289,2289 
2290,2291,2292,2294,2295,2296,2297,2298,2299,2300 
2301,2301,2302,2303,2304,2305,2307,2307,2308,2309 
2310,2311,2313,2314,2315,2315,2316,2317,2318,2320 
2321,2322,2322,2323,2325,2325,2327,2328,2329,2329 
2331,2331,2332,2333,2335,2336,2336,2337,2338,2339 
2341,2341,2343,2343,2344,2346,2346,2348,2349,2350 
2350,2352,2352,2353,2355,2356,2356,2358,2358,2360 
2361,2361,2362,2363,2364,2366,2366,2367,2368,2369 
2370,2371,2372,2373,2375,2375,2377,2378,2379,2380 
2380,2381,2383,2384,2384,2385,2386,2387,2389,2390 
2390,2391,2392,2393,2395,2396,2397,2398,2399,2399 
2401,2402,2402,2404,2404,2406,2407,2408,2408,2409 
2410,2412,2413,2414,2415,2415,2417,2417,2419,2420 
2420,2421,2422,2423,2425,2426,2427,2427,2429,2430 
2431,2432,2432,2434,2434,2436,2436,2437,2438,2440 
2441,2441,2442,2443,2444,2445,2447,2448,2449,2450 
2450,2451,2452,2454,2454,2455,2456,2457,2458,2459 
2461,2462,2463,2463,2465,2465,2466,2468,2468,2469 
2471,2472,2472,2474,2474,2476,2476,2478,2478,2479 
2481,2482,2483,2484,2484,2486,2486,2488,2489,2489 
2490,2491,2492,2494,2494,2496,2496,2497,2498,2499 
2500,2501,2503,2503,2505,2505,2506,2508,2509,2510 
2510,2511,2512,2514,2515,2515,2517,2518,2518,2519 
2520,2522,2523,2524,2525,2526,2526,2527,2528,2529 
2531,2531,2532,2533,2535,2536,2536,2538,2538,2540 
2541,2542,2542,2543,2545,2545,2546,2547,2549,2550 
2550,2551,2552,2553,2554,2556,2556,2557,2559,2560 
2560,2562,2563,2563,2564,2565,2567,2568,2569,2569 
2570,2571,2572,2574,2575,2575,2577,2577,2579,2580 
2580,2582,2582,2584,2584,2586,2586,2587,2588,2589 
2590,2591,2593,2593,2595,2596,2596,2598,2599,2600 
2600,2601,2602,2603,2604,2605,2606,2607,2609,2609 
2610,2611,2612,2613,2614,2616,2616,2618,2618,2619 
2620,2621,2622,2623,2624,2625,2627,2628,2628,2629 
2631,2632,2632,2633,2635,2635,2636,2637,2638,2640 
2640,2642,2643,2644,2645,2646,2646,2647,2648,2650 
2650,2651,2653,2653,2654,2655,2657,2658,2658,2659 
2660,2662,2662,2664,2665,2666,2667,2667,2669,2669 
2671,2671,2672,2673,2674,2675,2677,2677,2678,2679 
2680,2682,2682,2683,2685,2685,2687,2688,2688,2690 
2690,2691,2693,2693,2694,2695,2696,2697,2698,2700 
2700,2702,2703,2703,2705,2706,2706,2708,2708,2710 
2711,2711,2712,2714,2715,2716,2716,2717,2719,2719 
2721,2722,2722,2724,2725,2725,2726,2728,2728,2729 
2730,2732,2733,2734,2735,2735,2736,2737,2739,2739 
2741,2742,2743,2743,2744,2745,2746,2748,2748,2750 
2750,2751,2752,2754,2754,2756,2756,2757,2758,2759 
2761,2761,2762,2763,2765,2765,2766,2768,2768,2769 
2771,2771,2772,2774,2775,2775,2777,2778,2778,2780 
2780,2782,2782,2783,2784,2786,2787,2788,2789,2789 
2790,2791,2792,2793,2794,2796,2796,2798,2798,2799 
2800,2802,2802,2804,2805,2806,2806,2808,2808,2810 
2811,2812,2813,2814,2815,2816,2816,2817,2819,2820 
2821,2821,2822,2824,2824,2825,2826,2827,2828,2830 
2830,2832,2833,2833,2835,2835,2836,2837,2839,2840 
2840,2841,2843,2844,2844,2846,2846,2847,2849,2849 
2850,2852,2852,2853,2855,2856,2856,2857,2859,2859 
2861,2862,2862,2864,2864,2866,2867,2868,2869,2869 
2871,2871,2873,2874,2874,2876,2876,2878,2878,2879 
2881,2882,2882,2884,2885,2886,2887,2888,2889,2889 
2891,2892,2893,2894,2895,2895,2896,2897,2898,2899 
2901,2901,2903,2903,2905,2905,2907,2907,2908,2910 
2911,2912,2913,2914,2914,2916,2916,2917,2919,2919 
2921,2922,2923,2924,2925,2926,2926,2928,2929,2930 
2931,2931,2933,2934,2935,2935,2936,2937,2938,2940 
2941,2942,2942,2943,2944,2946,2947,2947,2949,2950 
2951,2952,2953,2954,2955,2955,2956,2958,2959,2960 
2961,2961,2963,2963,2965,2965,2967,2967,2969,2969 
2971,2972,2972,2973,2975,2975,2976,2977,2978,2979 
2980,2981,2982,2984,2984,2986,2986,2987,2988,2989 
2991,2991,2992,2993,2994,2996,2996,2997,2998,2999 
3000,3001,3002,3004,3005,3006,3006,3007,3008,3010 
3010,3011,3013,3013,3015,3015,3016,3018,3018,3019 
3021,3022,3022,3024,3025,3025,3027,3028,3028,3030 
3031,3032,3033,3034,3035,3036,3036,3038,3038,3040 
3041,3041,3042,3044,3044,3045,3046,3048,3049,3049 
3050,3051,3052,3054,3055,3056,3057,3057,3058,3059 
3061,3062,3062,3064,3065,3065,3066,3068,3069,3070 
3070,3071,3072,3073,3075,3076,3077,3077,3078,3080 
3080,3081,3082,3084,3085,3085,3086,3087,3088,3089 
3090,3092,3093,3094,3094,3096,3096,3097,3098,3100 
3101,3101,3102,3104,3105,3106,3106,3107,3109,3110 
3111,3111,3112,3113,3115,3115,3116,3117,3119,3120 
3121,3121,3122,3124,3125,3126,3127,3128,3128,3129 
3131,3131,3133,3134,3135,3135,3137,3138,3138,3140 
3141,3142,3143,3143,3144,3145,3146,3147,3149,3149 
3150,3152,3153,3154,3155,3155,3156,3158,3158,3160 
3161,3162,3162,3163,3165,3166,3167,3168,3168,3170 
3171,3172,3173,3173,3174,3175,3176,3177,3179,3179 
3180,3182,3183,3183,3185,3185,3187,3187,3189,3190 
3190,3191,3192,3193,3194,3195,3197,3197,3198,3200 
3200,3201,3202,3203,3204,3206,3206,3207,3208,3210 
3211,3212,3212,3213,3215,3216,3217,3218,3219,3219 
3220,3222,3222,3223,3224,3225,3227,3227,3229,3229 
3230,3231,3232,3234,3234,3236,3237,3237,3239,3239 
3240,3242,3243,3243,3244,3246,3247,3247,3249,3249 
3250,3251,3253,3254,3254,3256,3257,3258,3259,3260 
3261,3261,3262,3264,3265,3266,3267,3268,3269,3270 
3271,3271,3272,3274,3274,3275,3277,3277,3278,3280 
3280,3282,3282,3284,3284,3285,3287,3287,3288,3290 
3290,3291,3293,3293,3295,3296,3297,3298,3299,3299 
3300,3302,3302,3303,3304,3306,3307,3308,3309,3310 
3311,3312,3312,3313,3315,3316,3317,3318,3319,3319 
3321,3321,3322,3324,3324,3326,3327,3328,3328,3330 
3331,3331,3332,3334,3335,3336,3336,3337,3339,3340 
3341,3341,3343,3344,3344,3345,3346,3347,3349,3349 
3350,3352,3352,3353,3355,3355,3357,3357,3359,3360 
3360,3361,3363,3364,3364,3366,3367,3367,3369,3370 
3370,3371,3373,3373,3375,3376,3377,3378,3378,3380 
3380,3382,3382,3384,3384,3386,3386,3387,3388,3389 
3390,3391,3393,3394,3394,3396,3397,3398,3398,3399 
3401,3402,3403,3403,3404,3406,3406,3407,3409,3409 
3410,3412,3412,3414,3414,3416,3416,3418,3419,3420 
3421,3422,3423,3424,3425,3426,3427,3428,3429,3429 
3430,3432,3432,3434,3434,3436,3436,3437,3439,3439 
3440,3442,3443,3444,3444,3445,3447,3448,3448,3449 
3450,3451,3453,3454,3455,3456,3456,3457,3458,3459 
3461,3462,3463,3463,3464,3465,3467,3467,3468,3470 
3471,3472,3472,3474,3474,3476,3476,3477,3478,3480 
3480,3481,3483,3484,3485,3485,3487,3487,3488,3489 
3490,3492,3493,3493,3494,3495,3496,3497,3498,3500 
3501,3502,3502,3503,3505,3506,3506,3508,3508,3510 
3510,3511,3513,3514,3514,3515,3516,3518,3519,3520 
3520,3522,3522,3524,3524,3525,3526,3528,3529,3530 
3531,3532,3533,3533,3534,3535,3537,3538,3538,3540 
3541,3542,3543,3543,3544,3545,3546,3548,3549,3549 
3550,3552,3552,3554,3555,3556,3556,3558,3558,3559 
3561,3562,3562,3564,3565,3566,3567,3567,3568,3569 
3571,3572,3572,3573,3575,3575,3577,3577,3579,3579 
3580,3582,3582,3583,3585,3585,3587,3588,3588,3590 
3590,3592,3592,3593,3595,3596,3596,3597,3599,3599 
3601,3602,3602,3603,3604,3605,3606,3607,3608,3610 
3610,3612,3613,3613,3615,3616,3616,3618,3619,3620 
3620,3622,3623,3624,3625,3625,3627,3628,3628,3630 
3630,3632,3633,3633,3635,3636,3636,3637,3639,3639 
3641,3642,3642,3644,3644,3646,3646,3648,3648,3650 
3650,3652,3653,3654,3655,3655,3657,3658,3658,3660 
3661,3661,3662,3663,3664,3666,3666,3668,3669,3670 
3670,3672,3672,3673,3675,3675,3676,3677,3678,3680 
3681,3681,3682,3684,3685,3685,3686,3688,3689,3690 
3690,3692,3693,3694,3694,3696,3696,3698,3699,3700 
3701,3701,3703,3704,3704,3705,3706,3708,3709,3710 
3711,3711,3712,3714,3715,3715,3716,3718,3719,3720 
3720,3721,3722,3724,3725,3726,3726,3727,3728,3730 
3731,3732,3733,3734,3734,3735,3736,3737,3738,3739 
3740,3741,3742,3743,3744,3746,3747,3748,3749,3749 
3751,3751,3752,3753,3755,3755,3757,3758,3758,3760 
3761,3762,3762,3763,3765,3765,3767,3768,3768,3770 
3770,3772,3773,3773,3774,3776,3777,3777,3778,3780 
3780,3782,3782,3783,3784,3786,3786,3788,3788,3790 
3791,3791,3792,3794,3795,3796,3796,3797,3798,3800 
3801,3801,3803,3804,3804,3806,3807,3807,3809,3809 
3810,3811,3813,3814,3815,3816,3816,3818,3819,3820 
3821,3821,3823,3823,3824,3825,3827,3828,3829,3830 
3830,3832,3833,3834,3835,3835,3836,3838,3839,3840 
3841,3841,3843,3843,3845,3845,3847,3847,3849,3850 
3850,3851,3852,3854,3855,3856,3857,3858,3859,3859 
3860,3861,3863,3864,3864,3866,3866,3867,3869,3870 
3870,3872,3872,3873,3874,3876,3876,3878,3879,3879 
3880,3881,3883,3884,3884,3886,3886,3887,3889,3890 
3890,3892,3892,3893,3894,3895,3897,3897,3898,3900 
3901,3901,3903,3904,3905,3906,3906,3907,3908,3909 
3911,3912,3913,3913,3915,3916,3917,3917,3918,3919 
3920,3922,3923,3924,3924,3925,3927,3928,3928,3930 
3930,3931,3932,3934,3935,3935,3936,3938,3939,3940 
3941,3942,3943,3943,3945,3946,3946,3947,3949,3950 
3950,3951,3953,3953,3955,3956,3957,3958,3959,3959 
3961,3962,3963,3963,3964,3966,3966,3967,3968,3970 
3971,3972,3972,3974,3974,3976,3977,3977,3979,3979 
3980,3982,3983,3983,3985,3985,3986,3988,3988,3990 
3990,3991,3992,3993,3994,3996,3996,3998,3999,4000 
4000,4002,4003,4003,4005,4005,4007,4008,4008,4010 
4011,4011,4013,4014,4015,4016,4017,4018,4019,4020 
4021,4022,4022,4024,4025,4026,4027,4028,4028,4030 
4030,4032,4032,4033,4034,4035,4036,4037,4039,4039 
4040,4042,4042,4044,4045,4046,4047,4047,4048,4049 
4051,4051,4053,4053,4054,4055,4056,4057,4059,4060 
4060,4062,4063,4064,4065,4065,4067,4067,4069,4070 
4071,4071,4072,4073,4075,4076,4077,4077,4078,4079 
4080,4081,4082,4083,4085,4085,4086,4088,4088,4089 
4091,4091,4093,4094,4094,4096,4097,4097,4098,4099 
4100,4101,4103,4104,4104,4106,4107,4107,4108,4110 
4110,4112,4113,4113,4114,4115,4117,4117,4118,4119 
4121,4121,4122,4124,4125,4126,4127,4128,4129,4129 
4131,4131,4132,4133,4134,4135,4137,4137,4139,4139 
4141,4142,4142,4144,4145,4146,4147,4147,4148,4149 
4151,4152,4152,4153,4154,4156,4156,4157,4158,4160 
4161,4162,4162,4164,4164,4166,4167,4168,4169,4169 
4170,4171,4172,4173,4174,4175,4176,4177,4178,4179 
4181,4182,4182,4184,4184,4185,4187,4187,4189,4189 
4190,4192,4192,4194,4195,4196,4197,4197,4199,4199 
4200,4202,4203,4203,4205,4206,4206,4207,4209,4210 
4211,4211,4213,4214,4214,4215,4216,4218,4219,4219 
4221,4221,4222,4224,4225,4225,4226,4228,4228,4230 
4230,4231,4232,4233,4235,4236,4236,4237,4239,4239 
4240,4241,4243,4243,4244,4245,4247,4248,4248,4250 
4251,4251,4252,4254,4255,4256,4256,4257,4259,4260 
4260,4262,4263,4263,4265,4265,4266,4268,4269,4269 
4270,4272,4273,4274,4275,4275,4276,4277,4279,4279 
4280,4282,4282,4284,4285,4286,4287,4287,4289,4289 
4290,4292,4292,4293,4294,4295,4296,4297,4298,4300 
4301,4301,4303,4303,4304,4305,4306,4308,4308,4310 
4310,4311,4313,4314,4314,4316,4316,4317,4318,4320 
4321,4321,4322,4323,4325,4325,4326,4327,4329,4330 
4330,4331,4333,4333,4335,4336,4336,4338,4339,4340 
4340,4341,4343,4344,4345,4346,4347,4348,4348,4350 
4350,4352,4352,4353,4355,4356,4357,4357,4359,4360 
4360,4361,4362,4363,4364,4365,4367,4367,4369,4369 
4371,4371,4372,4373,4374,4375,4377,4378,4378,4380 
4381,4382,4383,4383,4384,4386,4387,4388,4389,4389 
4390,4391,4392,4393,4395,4396,4397,4398,4398,4400 
4400,4401,4403,4404,4404,4405,4407,4408,4409,4409 
4411,4411,4412,4413,4415,4415,4416,4418,4418,4419 
4420,4421,4422,4423,4425,4426,4426,4428,4428,4430 
4430,4432,4433,4433,4434,4436,4436,4437,4438,4440 
4440,4441,4442,4443,4445,4445,4447,4447,4448,4449 
4451,4451,4453,4453,4455,4456,4456,4457,4459,4459 
4461,4461,4462,4463,4465,4466,4466,4467,4468,4469 
4471,4471,4472,4473,4475,4476,4477,4477,4478,4480 
4480,4482,4483,4484,4485,4485,4487,4487,4488,4490 
4491,4491,4493,4494,4494,4495,4497,4497,4498,4500 
4500,4501,4502,4503,4505,4506,4506,4507,4509,4510 
4511,4512,4513,4514,4515,4516,4517,4518,4518,4519 
4521,4522,4523,4523,4524,4525,4527,4528,4528,4530 
4530,4532,4533,4534,4535,4536,4536,4537,4539,4540 
4541,4541,4542,4544,4544,4545,4546,4548,4549,4549 
4550,4552,4552,4553,4554,4555,4557,4558,4559,4560 
4560,4562,4562,4563,4564,4565,4567,4568,4568,4570 
4570,4571,4573,4574,4575,4576,4577,4577,4578,4580 
4580,4582,4583,4583,4585,4585,4587,4587,4589,4589 
4591,4591,4592,4593,4595,4596,4596,4597,4598,4599 
4601,4602,4603,4604,4605,4605,4606,4607,4609,4610 
4610,4611,4613,4614,4614,4615,4616,4618,4618,4620 
4620,4622,4622,4623,4625,4625,4627,4628,4629,4630 
4631,4631,4632,4634,4635,4635,4636,4637,4639,4640 
4640,4642,4642,4643,4645,4645,4647,4648,4649,4650 
4651,4652,4652,4654,4654,4655,4656,4658,4659,4660 
4660,4662,4662,4663,4664,4666,4667,4667,4668,4669 
4670,4671,4672,4674,4674,4675,4677,4678,4678,4679 
4681,4682,4683,4683,4685,4686,4687,4688,4689,4689 
4691,4692,4692,4694,4695,4695,4697,4697,4699,4700 
4701,4702,4703,4704,4705,4705,4707,4708,4709,4710 
4710,4712,4712,4713,4714,4716,4716,4717,4718,4720 
4721,4721,4723,4724,4725,4726,4726,4728,4728,4729 
4730,4732,4733,4733,4735,4736,4736,4738,4739,4740 
4740,4741,4742,4743,4745,4745,4746,4747,4749,4750 
4751,4752,4753,4753,4754,4755,4756,4757,4758,4760 
4760,4762,4762,4764,4764,4765,4766,4768,4768,4770 
4771,4771,4773,4774,4774,4776,4777,4778,4778,4779 
4780,4782,4783,4783,4784,4786,4786,4787,4789,4790 
4790,4792,4793,4793,4795,4795,4797,4797,4798,4800 
4801,4802,4802,4804,4805,4806,4807,4807,4808,4810 
4810,4812,4813,4814,4815,4816,4817,4817,4819,4819 
4821,4822,4822,4823,4824,4825,4827,4827,4829,4829 
4831,4831,4833,4834,4834,4836,4836,4837,4839,4840 
4841,4842,4843,4843,4845,4846,4847,4848,4848,4850 
4850,4852,4852,4854,4854,4856,4857,4857,4859,4860 
4860,4862,4863,4864,4865,4865,4866,4867,4868,4869 
4870,4871,4872,4873,4874,4876,4876,4877,4879,4879 
4880,4882,4882,4884,4884,4886,4886,4888,4889,4889 
4891,4892,4892,4894,4894,4896,4897,4898,4898,4899 
4900,4901,4903,4904,4904,4906,4907,4907,4909,4909 
4911,4911,4912,4913,4915,4916,4917,4918,4918,4920 
4921,4922,4923,4924,4925,4926,4927,4928,4929,4929 
4931,4931,4933,4934,4934,4936,4937,4937,4939,4940 
4940,4942,4943,4944,4944,4945,4947,4947,4948,4950 
4950,4951,4952,4953,4955,4956,4957,4957,4958,4959 
4960,4961,4963,4964,4965,4966,4966,4968,4968,4970 
4970,4972,4973,4974,4974,4975,4977,4978,4978,4979 
4981,4982,4982,4984,4985,4986,4986,4988,4989,4990 
4991,4991,4992,4994,4995,4995,4996,4998,4998,4999 
5000,5002,5002,5003,5004,5005,5006,5007,5008,5010 
5011,5012,5012,5013,5014,5016,5016,5017,5018,5019 
5021,5021,5022,5024,5025,5025,5026,5028,5029,5030 
5030,5032,5032,5033,5034,5036,5036,5038,5038,5040 
5040,5042,5043,5043,5044,5045,5046,5047,5048,5050 
5050,5052,5052,5054,5055,5055,5057,5057,5059,5060 
5060,5061,5063,5064,5065,5065,5067,5067,5068,5070 
5070,5072,5072,5074,5075,5075,5077,5077,5079,5080 
5080,5082,5082,5083,5085,5085,5087,5088,5088,5090 
5090,5091,5093,5093,5094,5096,5096,5097,5099,5100 
5101,5101,5102,5104,5104,5106,5106,5107,5109,5109 
5111,5112,5113,5114,5114,5116,5116,5118,5118,5120 
5120,5121,5123,5124,5125,5126,5127,5127,5128,5129 
5130,5132,5133,5133,5134,5136,5137,5138,5138,5140 
5141,5141,5142,5144,5144,5146,5146,5148,5148,5149 
5150,5152,5152,5153,5155,5156,5157,5157,5158,5160 
5160,5162,5163,5163,5164,5166,5167,5168,5168,5169 
5170,5171,5173,5173,5175,5175,5176,5178,5178,5179 
5181,5182,5182,5184,5184,5186,5187,5188,5188,5190 
5191,5192,5193,5193,5194,5195,5196,5198,5199,5200 
5201,5201,5202,5204,5204,5205,5207,5208,5208,5209 
5211,5211,5213,5214,5215,5215,5217,5218,5218,5220 
5221,5221,5222,5223,5225,5226,5227,5228,5228,5229 
5230,5231,5232,5233,5235,5236,5236,5238,5238,5240 
5241,5242,5243,5243,5244,5246,5246,5248,5248,5249 
5251,5251,5253,5253,5254,5256,5256,5258,5259,5260 
5261,5262,5263,5263,5264,5266,5267,5267,5268,5270 
5271,5271,5273,5273,5274,5275,5276,5277,5278,5279 
5280,5281,5282,5284,5285,5285,5286,5288,5288,5290 
5291,5292,5293,5293,5295,5296,5296,5297,5299,5300 
5301,5302,5303,5304,5305,5305,5307,5307,5308,5309 
5310,5312,5313,5313,5315,5316,5316,5317,5318,5320 
5320,5322,5323,5324,5325,5325,5326,5327,5328,5330 
5330,5331,5332,5334,5335,5335,5337,5337,5339,5340 
5341,5341,5343,5343,5344,5345,5347,5347,5349,5349 
5351,5351,5353,5354,5355,5356,5356,5358,5358,5359 
5361,5361,5363,5364,5364,5366,5367,5367,5369,5370 
5371,5372,5373,5373,5375,5375,5377,5377,5379,5379 
5381,5381,5383,5383,5385,5386,5387,5388,5389,5389 
5391,5392,5393,5394,5395,5395,5396,5398,5398,5400 
5400,5401,5403,5404,5405,5405,5406,5408,5408,5409 
5410,5411,5412,5414,5414,5415,5417,5417,5418,5419 
5420,5421,5422,5424,5424,5425,5426,5427,5429,5429 
5431,5431,5432,5433,5435,5435,5436,5438,5438,5439 
5441,5441,5443,5443,5444,5445,5446,5448,5448,5450 
5450,5452,5453,5454,5454,5456,5456,5458,5459,5459 
5460,5461,5463,5463,5464,5466,5466,5468,5468,5469 
5470,5471,5472,5474,5475,5476,5476,5478,5479,5479 
5481,5482,5482,5483,5484,5485,5486,5488,5489,5490 
5491,5491,5493,5493,5494,5495,5497,5498,5499,5500 
5500,5502,5502,5504,5505,5505,5507,5508,5508,5509 
5510,5511,5512,5514,5514,5516,5516,5517,5519,5520 
5520,5521,5523,5523,5524,5526,5527,5527,5529,5529 
5531,5532,5532,5534,5535,5535,5536,5538,5538,5540 
5540,5541,5543,5543,5544,5546,5546,5547,5549,5549 
5551,5551,5553,5553,5555,5556,5556,5558,5559,5560 
5560,5562,5563,5563,5564,5566,5567,5568,5568,5569 
5571,5572,5573,5573,5574,5575,5576,5577,5579,5579 
5580,5582,5583,5583,5584,5586,5587,5587,5588,5590 
5591,5592,5592,5593,5595,5596,5597,5597,5599,5600 
5601,5602,5603,5603,5604,5605,5607,5608,5608,5609 
5611,5611,5612,5614,5615,5616,5617,5617,5618,5620 
5621,5621,5623,5624,5624,5626,5626,5628,5628,5629 
5631,5632,5633,5633,5635,5635,5636,5638,5639,5640 
5641,5641,5643,5644,5644,5646,5647,5648,5649,5649 
5651,5651,5653,5654,5655,5656,5656,5657,5658,5659 
5660,5661,5662,5663,5664,5666,5666,5668,5668,5669 
5670,5672,5672,5673,5674,5675,5676,5677,5679,5679 
5681,5682,5682,5683,5684,5686,5686,5688,5688,5690 
5691,5691,5692,5694,5694,5696,5697,5698,5699,5699 
5701,5702,5702,5703,5704,5705,5706,5707,5708,5710 
5711,5712,5713,5714,5715,5715,5717,5717,5718,5719 
5720,5721,5723,5723,5725,5725,5727,5727,5728,5730 
5731,5731,5732,5734,5735,5735,5737,5738,5738,5739 
5741,5742,5742,5743,5744,5746,5747,5747,5749,5749 
5750,5751,5752,5753,5755,5756,5757,5757,5758,5759 
5760,5761,5762,5763,5765,5765,5767,5768,5768,5770 
5770,5772,5772,5773,5774,5776,5777,5778,5779,5779 
5780,5782,5782,5784,5785,5786,5786,5788,5789,5790 
5791,5792,5792,5794,5795,5796,5797,5797,5799,5799 
5800,5801,5803,5804,5804,5806,5806,5807,5808,5810 
5810,5812,5812,5814,5814,5816,5817,5817,5819,5819 
5821,5822,5822,5823,5824,5825,5826,5828,5829,5829 
5830,5831,5833,5834,5835,5836,5837,5838,5838,5840 
5841,5842,5842,5843,5845,5845,5847,5848,5849,5850 
5850,5851,5852,5853,5854,5856,5856,5857,5858,5859 
5861,5862,5863,5864,5865,5866,5867,5867,5869,5870 
5870,5871,5873,5873,5875,5875,5876,5878,5878,5880 
5880,5881,5882,5884,5884,5886,5887,5888,5889,5890 
5890,5891,5892,5893,5895,5896,5896,5897,5899,5899 
5901,5901,5902,5904,5904,5905,5906,5907,5908,5909 
5910,5911,5912,5914,5914,5915,5917,5917,5919,5920 
5920,5922,5923,5924,5924,5926,5926,5927,5929,5930 
5931,5931,5933,5933,5934,5935,5937,5937,5939,5940 
5940,5942,5943,5943,5944,5946,5947,5948,5949,5949 
5951,5951,5953,5953,5955,5956,5957,5958,5958,5960 
5960,5962,5962,5964,5964,5965,5967,5967,5968,5969 
5970,5972,5973,5974,5974,5975,5977,5977,5979,5980 
5981,5982,5982,5983,5984,5985,5987,5988,5988,5990 
5990,5992,5993,5994,5995,5995,5997,5997,5998,6000 
6001,6001,6002,6003,6005,6006,6007,6007,6008,6010 
6011,6012,6013,6013,6014,6015,6017,6018,6018,6020 
6020,6021,6023,6023,6024,6026,6026,6028,6029,6029 
6031,6032,6032,6034,6035,6035,6037,6037,6038,6039 
6041,6042,6042,6043,6044,6045,6047,6048,6049,6049 
6051,6051,6052,6054,6054,6056,6057,6058,6059,6059 
6060,6061,6063,6064,6064,6066,6066,6068,6068,6069 
6071,6072,6073,6074,6074,6076,6077,6077,6079,6080 
6081,6081,6082,6084,6085,6085,6087,6087,6089,6089 
6090,6091,6093,6093,6095,6096,6096,6097,6099,6100 
6101,6102,6102,6104,6104,6105,6106,6108,6108,6109 
6110,6111,6112,6114,6114,6116,6116,6117,6118,6120 
6120,6122,6123,6123,6124,6125,6126,6128,6128,6129 
6131,6132,6133,6133,6135,6136,6137,6138,6139,6140 
6141,6141,6142,6144,6145,6146,6146,6147,6148,6150 
6150,6152,6152,6154,6155,6155,6157,6158,6158,6159 
6160,6161,6162,6163,6165,6165,6166,6168,6169,6169 
6170,6172,6172,6173,6174,6176,6177,6177,6178,6180 
6180,6182,6183,6183,6185,6186,6186,6188,6189,6190 
6191,6192,6193,6194,6194,6196,6196,6198,6199,6200 
6201,6202,6203,6204,6205,6205,6207,6207,6208,6210 
6211,6212,6213,6213,6215,6215,6216,6217,6218,6220 
6220,6222,6222,6224,6224,6226,6227,6228,6228,6229 
6230,6231,6232,6234,6235,6236,6237,6238,6238,6239 
6240,6242,6242,6243,6244,6245,6246,6248,6249,6249 
6250,6251,6252,6253,6255,6256,6257,6257,6258,6260 
6260,6262,6262,6263,6265,6265,6267,6268,6268,6270 
6271,6271,6272,6274,6275,6275,6276,6277,6279,6280 
6280,6281,6282,6284,6285,6286,6286,6288,6288,6290 
6290,6291,6292,6294,6294,6295,6296,6298,6298,6300 
6300,6302,6302,6304,6305,6305,6306,6307,6308,6310 
6310,6311,6312,6313,6315,6315,6316,6317,6319,6319 
6320,6322,6322,6324,6325,6325,6327,6328,6328,6329 
6331,6332,6333,6333,6334,6336,6336,6337,6339,6340 
6341,6341,6343,6344,6344,6346,6347,6348,6349,6349 
6350,6352,6352,6354,6354,6356,6356,6357,6358,6359 
6361,6362,6363,6363,6364,6366,6367,6368,6369,6370 
6371,6372,6373,6374,6374,6376,6377,6377,6378,6380 
6381,6382,6383,6383,6385,6385,6386,6387,6389,6390 
6390,6392,6392,6393,6394,6395,6397,6398,6399,6399 
6400,6401,6402,6403,6405,6405,6407,6408,6409,6409 
6410,6412,6412,6413,6414,6415,6417,6418,6419,6419 
6421,6422,6423,6423,6425,6425,6427,6427,6428,6430 
6431,6431,6432,6434,6434,6436,6437,6438,6439,6440 
6440,6441,6443,6443,6445,6445,6446,6447,6449,6449 
6451,6452,6452,6453,6454,6455,6456,6458,6458,6460 
6460,6462,6462,6464,6464,6465,6467,6468,6468,6469 
6470,6472,6472,6473,6475,6476,6477,6478,6479,6480 
6480,6482,6483,6484,6485,6485,6486,6487,6488,6490 
6491,6492,6492,6494,6495,6495,6496,6497,6499,6500 
6501,6502,6502,6503,6504,6505,6507,6507,6509,6510 
6511,6512,6512,6514,6515,6515,6517,6518,6519,6520 
6521,6522,6523,6524,6525,6525,6526,6528,6529,6529 
6530,6531,6533,6533,6535,6536,6536,6537,6538,6539 
6540,6542,6542,6543,6545,6546,6546,6548,6549,6549 
6551,6552,6552,6554,6555,6556,6556,6558,6558,6560 
6560,6561,6562,6563,6565,6566,6567,6567,6569,6570 
6571,6571,6572,6574,6574,6576,6577,6578,6579,6579 
6580,6581,6582,6583,6584,6585,6587,6587,6589,6590 
6590,6592,6593,6593,6594,6595,6597,6598,6598,6600 
6600,6602,6603,6604,6604,6606,6606,6607,6609,6609 
6610,6611,6612,6613,6615,6616,6616,6617,6618,6619 
6620,6621,6622,6624,6624,6625,6626,6628,6628,6629 
6631,6631,6633,6633,6635,6635,6637,6638,6639,6639 
6640,6642,6642,6644,6644,6646,6646,6648,6649,6649 
6651,6652,6653,6653,6654,6655,6657,6657,6659,6660 
6661,6662,6663,6664,6664,6665,6666,6667,6669,6669 
6670,6671,6673,6674,6674,6676,6677,6678,6679,6679 
6680,6682,6682,6683,6685,6685,6687,6687,6689,6689 
6690,6692,6692,6694,6695,6696,6697,6698,6699,6700 
6700,6701,6702,6704,6705,6706,6707,6708,6709,6710 
6711,6712,6712,6714,6715,6716,6717,6718,6719,6719 
6720,6721,6723,6723,6724,6726,6726,6727,6728,6730 
6731,6731,6733,6733,6734,6736,6737,6737,6738,6739 
6740,6741,6742,6743,6744,6746,6746,6747,6749,6749 
6751,6751,6752,6753,6754,6755,6757,6757,6758,6759 
6761,6762,6763,6764,6764,6765,6766,6768,6769,6769 
6770,6771,6772,6774,6775,6775,6776,6777,6778,6780 
6781,6781,6783,6784,6785,6785,6787,6788,6788,6790 
6790,6791,6792,6794,6795,6796,6797,6798,6799,6799 
6801,6802,6802,6803,6804,6805,6806,6807,6809,6810 
6810,6811,6812,6813,6814,6816,6816,6818,6818,6819 
6821,6822,6822,6823,6825,6826,6827,6827,6828,6830 
6831,6832,6832,6833,6835,6836,6837,6838,6839,6839 
6841,6842,6843,6843,6844,6846,6846,6848,6849,6850 
6851,6852,6853,6853,6854,6855,6857,6858,6859,6859 
6861,6862,6863,6863,6865,6865,6867,6867,6868,6869 
6870,6872,6872,6873,6874,6875,6877,6877,6878,6879 
6881,6882,6882,6884,6884,6886,6886,6888,6888,6889 
6891,6892,6893,6894,6894,6896,6897,6897,6898,6899 
6901,6901,6903,6903,6904,6905,6906,6908,6908,6909 
6910,6912,6913,6913,6915,6915,6917,6917,6918,6919 
6920,6922,6922,6924,6924,6926,6927,6928,6928,6930 
6931,6931,6932,6934,6935,6936,6937,6938,6939,6940 
6940,6942,6942,6944,6944,6945,6946,6947,6948,6949 
6951,6952,6953,6953,6954,6956,6956,6957,6958,6959 
6960,6961,6962,6963,6965,6965,6966,6967,6968,6970 
6971,6972,6972,6974,6975,6976,6977,6977,6979,6980 
6981,6982,6983,6983,6984,6986,6986,6988,6988,6990 
6990,6991,6992,6993,6995,6995,6997,6998,6998,6999 
7000,7002,7003,7004,7004,7006,7007,7007,7009,7009 
7011,7012,7012,7014,7015,7015,7017,7017,7019,7020 
7020,7021,7023,7023,7025,7026,7026,7027,7029,7030 
7031,7031,7032,7033,7035,7035,7037,7038,7039,7039 
7040,7042,7042,7043,7045,7046,7047,7047,7048,7049 
7050,7051,7052,7054,7055,7056,7056,7058,7059,7059 
7061,7062,7062,7064,7064,7065,7066,7067,7068,7069 
7071,7071,7072,7073,7074,7076,7076,7077,7079,7080 
7080,7082,7083,7084,7084,7085,7086,7088,7088,7089 
7091,7091,7092,7094,7094,7095,7096,7097,7099,7100 
7101,7102,7102,7104,7104,7105,7106,7108,7109,7110 
7111,7112,7112,7113,7115,7115,7117,7118,7118,7119 
7120,7121,7123,7124,7125,7125,7126,7128,7129,7130 
7131,7131,7133,7134,7135,7135,7137,7137,7139,7139 
7140,7141,7143,7144,7144,7146,7147,7148,7148,7149 
7150,7152,7152,7153,7154,7155,7156,7158,7159,7160 
7160,7162,7162,7164,7165,7165,7167,7167,7168,7170 
7170,7172,7172,7174,7175,7176,7176,7178,7179,7179 
7181,7181,7183,7183,7184,7186,7187,7188,7188,7189 
7191,7191,7192,7193,7195,7195,7196,7198,7199,7200 
7201,7201,7202,7204,7204,7205,7206,7207,7208,7210 
7210,7212,7213,7213,7215,7216,7217,7218,7218,7220 
7221,7222,7222,7224,7225,7226,7226,7228,7228,7229 
7230,7231,7232,7234,7234,7235,7237,7238,7238,7240 
7241,7241,7242,7243,7244,7245,7247,7247,7248,7249 
7250,7251,7252,7254,7254,7255,7257,7257,7258,7260 
7260,7262,7262,7263,7264,7265,7267,7268,7269,7269 
7271,7271,7272,7273,7275,7276,7277,7277,7278,7279 
7280,7282,7283,7284,7284,7286,7287,7287,7289,7290 
7291,7292,7292,7294,7295,7295,7296,7298,7298,7300 
7300,7302,7302,7303,7305,7305,7307,7307,7309,7309 
7310,7312,7312,7314,7315,7316,7316,7318,7318,7319 
7321,7321,7322,7323,7324,7326,7327,7327,7328,7330 
7330,7332,7332,7334,7334,7335,7337,7338,7339,7339 
7341,7342,7343,7343,7344,7346,7346,7348,7348,7350 
7351,7351,7352,7354,7355,7355,7356,7358,7359,7360 
7360,7362,7363,7363,7364,7366,7367,7368,7369,7370 
7370,7371,7373,7374,7375,7375,7376,7377,7378,7380 
7380,7382,7383,7383,7385,7386,7387,7388,7389,7389 
7391,7391,7392,7393,7395,7395,7397,7397,7398,7399 
7401,7401,7402,7404,7404,7406,7406,7408,7408,7410 
7410,7411,7413,7413,7414,7415,7416,7417,7419,7419 
7420,7421,7422,7423,7424,7425,7426,7428,7429,7430 
7430,7432,7433,7434,7435,7435,7436,7438,7439,7440 
7441,7441,7443,7444,7445,7445,7447,7448,7449,7449 
7451,7451,7452,7453,7455,7455,7456,7457,7458,7460 
7461,7462,7462,7463,7464,7466,7466,7467,7468,7469 
7470,7471,7473,7473,7474,7476,7476,7477,7479,7479 
7481,7481,7482,7483,7484,7486,7486,7488,7489,7489 
7491,7491,7493,7494,7494,7495,7496,7497,7498,7499 
7501,7501,7503,7503,7504,7506,7507,7507,7508,7509 
7511,7512,7513,7514,7515,7516,7516,7518,7518,7520 
7520,7522,7523,7523,7524,7525,7526,7527,7529,7529 
7531,7532,7532,7534,7534,7535,7536,7538,7538,7539 
7540,7542,7543,7543,7545,7546,7546,7548,7549,7550 
7551,7551,7553,7553,7554,7556,7557,7557,7558,7560 
7561,7562,7562,7563,7564,7565,7567,7567,7569,7569 
7571,7571,7572,7573,7575,7575,7577,7578,7579,7580 
7581,7582,7582,7583,7585,7585,7586,7588,7588,7589 
7591,7592,7592,7593,7594,7596,7597,7597,7599,7600 
7600,7602,7603,7603,7605,7605,7606,7608,7608,7610 
7611,7612,7612,7613,7615,7615,7617,7618,7618,7619 
7621,7622,7622,7623,7625,7626,7626,7627,7628,7629 
7630,7632,7632,7634,7634,7636,7637,7638,7639,7640 
7641,7642,7643,7644,7644,7646,7647,7648,7648,7650 
7650,7652,7653,7654,7654,7655,7657,7658,7658,7659 
7661,7662,7662,7664,7665,7666,7667,7667,7668,7670 
7670,7672,7673,7674,7675,7676,7676,7678,7679,7680 
7680,7681,7682,7683,7684,7686,7686,7687,7689,7689 
7690,7691,7692,7694,7695,7695,7697,7697,7698,7700 
7700,7702,7702,7704,7704,7706,7707,7707,7708,7709 
7710,7712,7712,7714,7715,7715,7716,7718,7719,7720 
7721,7721,7723,7723,7724,7725,7727,7728,7729,7730 
7731,7731,7732,7734,7734,7735,7736,7738,7739,7739 
7740,7741,7742,7744,7745,7745,7747,7748,7749,7749 
7750,7752,7753,7754,7754,7756,7757,7757,7759,7760 
7760,7761,7763,7764,7764,7766,7767,7767,7769,7770 
7770,7772,7773,7774,7774,7776,7777,7777,7778,7780 
7781,7781,7783,7783,7784,7785,7786,7787,7788,7789 
7790,7792,7792,7793,7795,7795,7796,7797,7798,7799 
7801,7802,7802,7803,7804,7805,7806,7808,7809,7809 
7811,7811,7812,7813,7815,7815,7817,7818,7819,7819 
7821,7821,7822,7824,7825,7825,7826,7828,7828,7830 
7830,7832,7832,7834,7835,7836,7837,7838,7839,7840 
7841,7842,7843,7844,7844,7846,7847,7847,7848,7850 
7850,7852,7852,7854,7854,7855,7857,7857,7859,7860 
7860,7862,7863,7864,7864,7866,7866,7867,7868,7870 
7871,7871,7872,7873,7874,7875,7876,7877,7879,7879 
7880,7881,7882,7883,7885,7886,7886,7887,7888,7890 
7891,7892,7893,7893,7894,7896,7897,7897,7899,7899 
7901,7901,7903,7903,7904,7906,7906,7908,7909,7909 
7911,7912,7912,7914,7914,7915,7916,7918,7919,7919 
7920,7921,7922,7924,7924,7926,7927,7928,7928,7930 
7931,7932,7933,7933,7935,7935,7936,7937,7938,7939 
7940,7942,7942,7944,7944,7946,7946,7948,7948,7949 
7951,7952,7952,7953,7955,7956,7957,7958,7958,7959 
7960,7962,7963,7963,7965,7966,7966,7967,7968,7969 
7970,7972,7972,7973,7974,7976,7976,7977,7978,7980 
7981,7982,7982,7984,7985,7986,7987,7988,7989,7990 
7990,7991,7992,7994,7994,7995,7997,7997,7998,8000 
8000,8002,8002,8004,8005,8006,8006,8008,8009,8009 
8011,8011,8013,8014,8015,8016,8016,8017,8019,8019 
8020,8021,8023,8023,8024,8025,8026,8027,8028,8030 
8031,8031,8032,8034,8035,8036,8036,8037,8038,8039 
8040,8042,8043,8043,8044,8045,8047,8047,8049,8050 
8050,8052,8052,8054,8054,8055,8056,8057,8059,8060 
8061,8061,8062,8063,8064,8065,8067,8068,8069,8070 
8071,8072,8072,8074,8075,8075,8077,8077,8078,8080 
8080,8081,8083,8084,8084,8085,8086,8088,8088,8089 
8091,8091,8093,8094,8095,8096,8096,8097,8098,8099 
8101,8102,8102,8103,8105,8105,8106,8108,8108,8110 
8110,8112,8112,8113,8115,8115,8116,8117,8118,8120 
8120,8121,8123,8123,8125,8125,8127,8128,8128,8129 
8130,8131,8133,8133,8134,8136,8137,8137,8139,8140 
8141,8141,8143,8143,8144,8146,8146,8148,8149,8150 
8151,8151,8152,8154,8154,8155,8156,8157,8158,8160 
8161,8162,8163,8164,8164,8166,8166,8168,8168,8170 
8171,8172,8172,8174,8174,8175,8177,8178,8178,8180 
8181,8182,8183,8183,8184,8186,8187,8187,8189,8190 
8190,8191,8193,8193,8194,8195,8197,8197,8199,8200 
8201,8201,8202,8204,8204,8206,8206,8207,8209,8210 
8210,8212,8213,8213,8214,8216,8217,8218,8219,8220 
8221,8222,8222,8223,8224,8226,8226,8228,8228,8230 
8231,8231,8232,8233,8235,8235,8236,8238,8239,8240 
8241,8241,8243,8244,8245,8245,8246,8248,8248,8249 
8251,8252,8253,8253,8254,8255,8257,8258,8258,8260 
8260,8261,8262,8264,8264,8266,8266,8268,8269,8270 
8271,8272,8272,8273,8275,8275,8277,8278,8278,8280 
8281,8282,8283,8284,8284,8285,8287,8287,8289,8290 
8291,8291,8293,8293,8295,8295,8297,8298,8298,8300 
8300,8302,8303,8304,8305,8306,8307,8307,8309,8310 
8311,8311,8312,8313,8314,8316,8317,8318,8318,8320 
8320,8322,8323,8324,8325,8325,8326,8328,8328,8329 
8331,8331,8333,8333,8334,8335,8336,8337,8338,8340 
8340,8342,8342,8343,8344,8346,8347,8347,8349,8350 
8350,8351,8353,8354,8354,8355,8357,8358,8358,8359 
8361,8362,8362,8363,8364,8365,8366,8368,8369,8370 
8371,8371,8372,8373,8375,8376,8376,8378,8378,8379 
8381,8382,8383,8384,8384,8385,8387,8387,8388,8389 
8390,8391,8392,8393,8394,8395,8396,8398,8398,8400 
8401,8402,8402,8404,8405,8406,8407,8408,8408,8409 
8410,8412,8413,8414,8414,8415,8417,8417,8419,8419 
8420,8421,8423,8424,8424,8426,8426,8428,8428,8429 
8430,8431,8432,8433,8435,8435,8436,8438,8438,8439 
8440,8442,8442,8443,8444,8446,8447,8448,8448,8449 
8451,8452,8453,8453,8454,8456,8456,8458,8458,8460 
8461,8462,8462,8464,8465,8466,8466,8468,8469,8469 
8470,8471,8472,8473,8474,8476,8477,8477,8478,8479 
8480,8482,8482,8484,8485,8486,8487,8487,8489,8490 
8491,8491,8493,8493,8494,8496,8497,8498,8498,8499 
8501,8502,8503,8503,8504,8506,8507,8508,8509,8510 
8510,8512,8513,8514,8514,8516,8516,8517,8518,8520 
8521,8522,8523,8524,8524,8525,8526,8528,8529,8529 
8531,8532,8533,8533,8534,8536,8536,8538,8538,8540 
8540,8541,8543,8544,8545,8545,8547,8547,8548,8549 
8551,8551,8552,8554,8555,8556,8556,8558,8558,8560 
8561,8561,8562,8563,8565,8565,8567,8568,8568,8570 
8571,8572,8573,8573,8575,8575,8576,8577,8578,8579 
8581,8581,8582,8584,8584,8586,8587,8588,8588,8589 
8590,8591,8593,8593,8595,8595,8596,8597,8599,8599 
8600,8602,8602,8603,8605,8605,8606,8607,8608,8610 
8610,8612,8613,8613,8614,8616,8616,8618,8619,8620 
8621,8622,8623,8624,8625,8625,8626,8628,8628,8630 
8630,8631,8633,8633,8635,8636,8636,8638,8638,8639 
8641,8641,8643,8643,8645,8646,8646,8647,8648,8650 
8651,8652,8652,8653,8655,8656,8657,8658,8658,8660 
8660,8661,8663,8664,8664,8666,8666,8667,8669,8669 
8670,8672,8672,8673,8674,8675,8676,8678,8678,8680 
8681,8682,8682,8684,8684,8685,8687,8688,8689,8690 
8690,8692,8693,8693,8694,8696,8697,8697,8698,8700 
8700,8702,8703,8703,8704,8706,8707,8707,8708,8710 
8710,8711,8712,8714,8714,8715,8717,8718,8719,8720 
8720,8721,8722,8724,8725,8725,8727,8727,8728,8729 
8731,8731,8732,8734,8735,8736,8736,8738,8738,8739 
8741,8742,8743,8743,8744,8746,8747,8747,8748,8750 
8750,8752,8752,8753,8755,8756,8756,8758,8758,8759 
8760,8762,8763,8764,8765,8765,8767,8767,8769,8770 
8771,8771,8773,8774,8774,8776,8776,8778,8778,8779 
8781,8781,8782,8783,8785,8786,8787,8788,8789,8790 
8791,8791,8792,8794,8795,8796,8796,8798,8799,8799 
8801,8801,8803,8803,8805,8806,8807,8808,8809,8810 
8811,8811,8813,8814,8814,8815,8817,8817,8818,8820 
8821,8821,8822,8823,8825,8825,8827,8827,8828,8829 
8831,8831,8832,8834,8834,8835,8837,8838,8839,8840 
8840,8841,8842,8843,8844,8846,8847,8848,8848,8850 
8851,8852,8853,8853,8854,8855,8856,8858,8859,8859 
8861,8861,8863,8863,8864,8865,8866,8867,8868,8870 
8871,8871,8872,8873,8874,8875,8876,8877,8878,8880 
8881,8881,8883,8884,8884,8885,8887,8887,8888,8890 
8891,8892,8892,8894,8894,8896,8896,8898,8898,8899 
8900,8902,8903,8904,8904,8905,8907,8907,8909,8909 
8911,8911,8912,8914,8915,8916,8917,8918,8918,8920 
8920,8921,8922,8923,8925,8926,8926,8928,8929,8930 
8930,8931,8933,8934,8935,8935,8936,8938,8939,8939 
8940,8942,8943,8943,8945,8945,8946,8948,8949,8950 
8951,8951,8953,8954,8954,8956,8957,8957,8958,8959 
8961,8962,8963,8964,8964,8966,8966,8968,8969,8969 
8970,8972,8973,8973,8974,8976,8976,8977,8978,8979 
8981,8982,8982,8984,8984,8985,8986,8988,8989,8990 
8991,8991,8992,8994,8994,8995,8997,8997,8998,9000 
9000,9002,9003,9003,9005,9005,9007,9007,9008,9010 
9011,9012,9012,9014,9014,9016,9016,9018,9018,9020 
9021,9022,9023,9023,9025,9026,9026,9027,9028,9029 
9031,9032,9032,9033,9034,9036,9037,9038,9038,9040 
9041,9041,9043,9044,9044,9046,9046,9047,9048,9050 
9050,9052,9053,9053,9054,9055,9057,9057,9059,9060 
9061,9061,9062,9063,9064,9065,9066,9067,9068,9069 
9071,9072,9072,9074,9075,9076,9077,9078,9078,9080 
9081,9081,9083,9084,9085,9085,9086,9088,9088,9089 
9090,9091,9093,9093,9095,9095,9097,9098,9098,9100 
9100,9102,9102,9103,9104,9106,9107,9107,9109,9109 
9110,9112,9112,9113,9114,9116,9116,9117,9119,9120 
9121,9122,9122,9123,9125,9126,9127,9128,9128,9129 
9131,9132,9132,9133,9134,9135,9136,9137,9139,9139 
9141,9141,9143,9143,9145,9146,9147,9148,9149,9149 
9151,9151,9152,9153,9155,9156,9157,9157,9158,9160 
9161,9161,9163,9164,9165,9165,9166,9167,9169,9170 
9171,9172,9173,9174,9174,9176,9177,9178,9178,9179 
9180,9181,9183,9183,9184,9186,9187,9187,9189,9190 
9191,9191,9193,9193,9194,9196,9197,9198,9198,9200 
9201,9201,9203,9203,9205,9206,9206,9208,9208,9210 
9211,9211,9213,9214,9215,9216,9217,9218,9218,9220 
9221,9221,9223,9224,9224,9225,9227,9228,9228,9230 
9231,9231,9232,9234,9234,9236,9236,9237,9238,9240 
9240,9241,9243,9243,9244,9246,9246,9248,9248,9250 
9251,9252,9252,9254,9255,9256,9256,9258,9258,9259 
9260,9262,9262,9264,9264,9265,9267,9268,9268,9270 
9271,9271,9272,9274,9275,9276,9277,9277,9279,9280 
9280,9282,9282,9284,9285,9286,9287,9287,9288,9290 
9290,9292,9293,9293,9294,9296,9296,9298,9299,9300 
9301,9301,9303,9303,9305,9305,9307,9307,9309,9310 
9310,9311,9312,9314,9315,9316,9317,9317,9319,9319 
9320,9322,9322,9324,9325,9325,9326,9327,9329,9330 
9331,9332,9333,9333,9335,9336,9336,9337,9338,9340 
9340,9341,9343,9344,9345,9345,9346,9348,9349,9350 
9351,9351,9353,9354,9355,9355,9356,9358,9358,9360 
9360,9361,9363,9364,9365,9366,9366,9368,9368,9370 
9370,9372,9373,9374,9374,9376,9377,9377,9378,9380 
9381,9381,9382,9384,9385,9386,9387,9388,9388,9390 
9391,9392,9393,9393,9394,9395,9396,9397,9398,9399 
9400,9401,9403,9404,9404,9405,9406,9407,9409,9410 
9411,9411,9413,9413,9414,9415,9416,9418,9418,9420 
9420,9421,9423,9423,9425,9426,9427,9427,9429,9429 
9430,9432,9433,9433,9434,9435,9436,9438,9439,9440 
9440,9441,9443,9443,9445,9445,9446,9448,9448,9450 
9451,9451,9452,9453,9454,9455,9457,9458,9459,9460 
9461,9461,9462,9464,9465,9465,9466,9467,9468,9469 
9470,9471,9473,9474,9474,9475,9477,9477,9479,9480 
9480,9482,9482,9483,9484,9486,9486,9487,9488,9490 
9490,9491,9492,9494,9494,9495,9496,9497,9498,9500 
9500,9502,9503,9503,9505,9506,9506,9508,9509,9509 
9510,9512,9512,9514,9514,9515,9516,9518,9519,9519 
9520,9522,9523,9523,9524,9526,9527,9527,9528,9530 
9531,9531,9533,9533,9535,9535,9536,9537,9539,9540 
9540,9542,9542,9544,9545,9545,9546,9547,9548,9549 
9550,9551,9553,9553,9554,9556,9557,9558,9558,9559 
9560,9561,9562,9564,9565,9565,9567,9568,9568,9570 
9570,9571,9573,9573,9575,9575,9577,9577,9579,9579 
9581,9581,9583,9584,9584,9586,9587,9587,9589,9590 
9590,9591,9593,9593,9595,9596,9596,9597,9598,9600 
9601,9602,9602,9604,9605,9605,9607,9608,9609,9610 
9610,9612,9612,9613,9615,9615,9616,9617,9618,9620 
9620,9622,9622,9623,9624,9625,9626,9627,9629,9630 
9630,9631,9633,9633,9634,9635,9636,9637,9638,9640 
9640,9641,9643,9643,9645,9646,9646,9647,9648,9649 
9651,9652,9652,9654,9655,9655,9657,9658,9658,9660 
9660,9661,9662,9663,9665,9666,9666,9668,9668,9669 
9670,9671,9673,9673,9674,9676,9676,9678,9678,9680 
9681,9682,9682,9684,9685,9686,9687,9687,9689,9689 
9691,9691,9693,9694,9695,9696,9696,9698,9698,9700 
9700,9701,9703,9704,9705,9706,9706,9708,9709,9710 
9711,9711,9712,9713,9714,9716,9716,9717,9718,9719 
9721,9722,9723,9723,9724,9725,9727,9728,9729,9730 
9730,9731,9733,9734,9735,9736,9736,9738,9739,9740 
9740,9742,9742,9744,9744,9746,9747,9747,9748,9749 
9750,9751,9753,9754,9754,9756,9757,9757,9759,9760 
9760,9762,9762,9763,9765,9765,9766,9767,9769,9769 
9770,9772,9773,9774,9774,9775,9776,9778,9779,9780 
9780,9781,9782,9784,9784,9785,9786,9788,9789,9789 
9791,9791,9793,9793,9794,9796,9796,9797,9798,9800 
9800,9801,9803,9804,9804,9806,9806,9808,9809,9809 
9811,9811,9812,9814,9814,9815,9817,9817,9819,9820 
9821,9822,9822,9823,9824,9826,9826,9828,9829,9830 
9830,9832,9832,9833,9834,9835,9837,9837,9838,9840 
9840,9841,9843,9843,9845,9846,9846,9848,9848,9849 
9851,9851,9852,9854,9854,9856,9856,9858,9859,9860 
9861,9861,9862,9864,9865,9865,9866,9867,9868,9870 
9871,9872,9872,9874,9874,9876,9877,9877,9878,9879 
9880,9882,9883,9884,9885,9886,9886,9887,9889,9889 
9891,9892,9893,9894,9895,9896,9897,9897,9898,9899 
9901,9902,9903,9903,9904,9906,9906,9907,9909,9910 
9910,9911,9913,9914,9914,9916,9916,9918,9919,9920 
9920,9921,9923,9924,9924,9925,9927,9928,9929,9930 
9930,9931,9933,9933,9934,9936,9936,9938,9938,9940 
9941,9942,9943,9943,9944,9945,9947,9947,9948,9950 
9950,9951,9952,9954,9954,9955,9956,9958,9958,9959 
9961,9961,9962,9963,9965,9965,9967,9967,9969,9969 
9971,9971,9973,9973,9975,9975,9976,9977,9979,9980 
9981,9982,9982,9984,9985,9986,9986,9987,9989,9989 
9991,9992,9993,9994,9995,9995,9997,9997,9998,9999 
