0,2,2,3,5,6,7,8,8,9 
11,11,13,14,14,16,16,17,19,20 
21,21,22,24,24,26,26,27,29,30 
31,31,32,34,35,36,37,38,39,40 
40,42,42,43,45,45,47,48,48,49 
50,52,52,53,54,55,57,57,59,59 
61,61,63,63,64,66,66,67,69,70 
71,72,72,73,75,75,76,77,79,80 
81,82,83,84,85,86,87,88,88,89 
91,92,93,94,94,96,97,98,99,99 
100,101,102,104,105,106,106,108,109,109 
111,111,112,113,115,116,117,117,118,119 
121,122,122,123,124,126,126,128,128,129 
130,131,133,133,135,136,136,137,138,139 
141,142,142,143,145,145,146,147,149,150 
150,152,153,154,155,155,157,158,158,160 
160,161,162,163,165,165,166,168,169,170 
171,171,172,173,175,176,176,178,179,179 
180,182,183,184,185,185,186,187,189,189 
190,192,192,194,194,195,197,197,198,199 
200,201,203,203,205,206,206,207,209,210 
210,212,212,214,214,216,217,218,218,220 
221,222,223,223,225,225,226,228,229,229 
230,232,233,233,235,236,237,237,238,239 
241,241,242,243,244,246,247,247,248,250 
251,252,252,254,255,256,256,257,259,260 
261,262,262,264,264,265,267,268,268,269 
270,272,272,274,275,275,277,277,278,280 
281,281,283,283,285,286,287,288,288,289 
290,292,292,293,294,296,296,297,298,299 
300,302,302,303,305,305,307,308,308,309 
311,312,312,314,315,316,317,317,319,319 
321,322,323,323,325,325,326,328,328,330 
330,332,332,333,334,336,337,338,338,339 
341,341,343,344,344,345,346,348,348,350 
350,351,353,353,354,356,356,357,358,360 
360,361,363,364,364,365,367,368,368,369 
371,371,373,373,374,375,376,378,378,379 
381,382,383,383,385,385,386,388,388,389 
391,391,393,394,394,396,396,397,399,400 
400,401,403,403,405,405,406,408,408,410 
411,411,412,413,415,416,417,418,418,420 
420,421,423,424,424,426,426,427,429,430 
430,431,432,434,435,435,437,438,438,440 
440,441,443,443,444,445,446,448,448,450 
451,451,452,453,454,455,456,457,459,459 
460,462,462,463,465,466,466,468,468,470 
471,472,472,474,475,476,476,478,479,480 
480,482,483,483,485,485,487,488,488,489 
491,492,493,493,494,495,497,497,498,499 
500,501,503,503,505,506,506,507,509,509 
510,512,513,513,514,515,516,517,519,520 
520,522,522,523,524,525,527,528,528,530 
531,532,533,533,534,536,536,537,539,539 
540,542,542,543,544,546,546,548,549,550 
551,552,552,554,555,555,556,558,559,560 
561,561,563,563,565,566,567,568,568,569 
570,572,573,573,574,575,577,577,578,580 
580,582,583,584,585,586,587,588,589,590 
590,592,592,593,595,595,596,597,598,599 
601,602,602,603,605,606,606,608,608,609 
610,612,612,613,614,615,617,617,619,619 
620,621,622,624,624,625,626,627,629,630 
631,631,632,634,635,636,636,638,638,639 
640,641,642,643,645,646,646,647,648,650 
650,651,653,653,655,656,657,658,659,659 
661,661,663,664,665,665,667,668,669,669 
670,672,673,673,674,676,676,678,678,680 
680,681,682,684,684,686,686,688,689,689 
691,692,693,694,694,695,697,698,698,699 
701,702,702,703,704,706,706,708,708,710 
711,712,713,714,714,715,716,718,719,720 
721,721,723,723,724,726,726,728,729,730 
731,732,732,734,734,735,736,738,738,740 
740,741,742,744,745,746,747,747,748,749 
750,752,753,754,755,756,757,757,759,760 
761,762,762,764,765,766,766,768,769,769 
771,771,773,774,774,776,777,778,779,779 
781,781,782,784,785,785,786,788,789,789 
791,791,792,794,795,796,797,797,799,800 
800,802,802,803,804,806,806,808,809,810 
810,812,812,813,814,815,816,818,818,819 
821,821,823,824,824,825,826,827,829,830 
831,831,832,833,834,836,837,838,838,839 
840,841,842,844,844,845,846,848,849,850 
851,851,852,853,855,856,856,857,858,860 
861,862,863,864,865,865,867,868,868,870 
871,871,872,874,874,876,876,878,878,879 
881,882,882,883,884,886,887,888,888,890 
891,891,893,893,895,895,896,897,898,899 
901,902,903,904,905,906,906,908,909,910 
910,912,912,913,914,915,917,918,919,920 
920,921,923,923,924,925,927,927,928,930 
931,932,933,934,934,936,937,937,939,940 
940,942,943,944,945,945,946,947,949,949 
951,951,952,953,955,955,956,958,958,959 
960,961,963,964,964,965,967,968,968,969 
970,972,973,973,975,975,977,977,979,980 
980,981,983,983,984,986,986,987,989,990 
991,991,993,994,994,995,997,998,999,999 
1001,1002,1002,1004,1004,1006,1007,1007,1008,1010 
1011,1011,1013,1013,1014,1015,1017,1018,1018,1020 
1020,1022,1023,1023,1025,1025,1026,1027,1028,1030 
1031,1032,1033,1033,1035,1035,1036,1037,1039,1040 
1040,1042,1042,1043,1045,1046,1046,1048,1048,1050 
1051,1051,1053,1053,1054,1056,1057,1057,1058,1059 
1061,1061,1063,1064,1065,1066,1067,1067,1069,1069 
1070,1071,1072,1073,1075,1075,1076,1078,1078,1080 
1080,1082,1082,1084,1085,1086,1087,1087,1089,1090 
1091,1091,1092,1093,1095,1096,1096,1097,1099,1100 
1100,1101,1102,1104,1104,1106,1107,1107,1109,1109 
1111,1112,1112,1113,1115,1116,1116,1118,1118,1120 
1121,1122,1122,1123,1125,1125,1127,1128,1129,1129 
1131,1132,1132,1134,1134,1135,1137,1137,1139,1140 
1140,1142,1143,1144,1144,1146,1147,1147,1149,1150 
1150,1151,1153,1154,1154,1155,1157,1158,1159,1159 
1161,1162,1162,1164,1164,1166,1167,1167,1169,1170 
1170,1171,1172,1174,1174,1175,1176,1177,1179,1180 
1181,1181,1182,1183,1185,1185,1187,1187,1188,1189 
1190,1191,1193,1194,1195,1195,1197,1198,1199,1199 
1201,1202,1202,1203,1205,1205,1206,1208,1208,1210 
1210,1211,1212,1213,1215,1216,1216,1217,1218,1220 
1221,1222,1222,1224,1224,1225,1226,1227,1229,1230 
1231,1232,1232,1233,1235,1236,1236,1238,1238,1240 
1240,1241,1243,1244,1244,1245,1246,1247,1248,1250 
1251,1251,1252,1254,1255,1256,1256,1257,1259,1259 
1261,1261,1262,1264,1264,1266,1266,1267,1269,1270 
1270,1272,1273,1273,1274,1275,1277,1277,1278,1280 
1281,1282,1283,1283,1285,1286,1287,1288,1288,1290 
1291,1292,1292,1293,1294,1296,1296,1297,1299,1299 
1300,1302,1303,1303,1304,1305,1307,1308,1308,1309 
1310,1312,1313,1314,1315,1316,1317,1317,1319,1320 
1320,1322,1322,1324,1325,1325,1326,1328,1329,1330 
1330,1332,1333,1333,1334,1335,1337,1337,1338,1340 
1341,1341,1343,1344,1344,1345,1347,1347,1348,1350 
1351,1351,1352,1353,1355,1355,1356,1357,1358,1360 
1361,1361,1362,1363,1364,1366,1367,1367,1369,1370 
1370,1371,1372,1373,1375,1376,1377,1377,1378,1379 
1381,1381,1383,1384,1384,1385,1386,1387,1389,1390 
1390,1391,1392,1394,1395,1396,1397,1398,1399,1400 
1400,1402,1402,1404,1405,1405,1406,1407,1408,1410 
1410,1411,1412,1414,1414,1416,1416,1418,1418,1420 
1420,1421,1423,1423,1424,1425,1427,1427,1428,1429 
1430,1431,1433,1434,1435,1436,1437,1438,1438,1439 
1440,1441,1443,1444,1444,1446,1446,1447,1449,1450 
1451,1452,1453,1454,1454,1456,1456,1457,1459,1459 
1460,1462,1462,1463,1465,1465,1467,1467,1468,1470 
1470,1472,1472,1473,1474,1476,1476,1478,1478,1479 
1480,1482,1483,1484,1484,1485,1486,1487,1489,1490 
1491,1492,1493,1493,1494,1495,1496,1497,1498,1499 
1500,1501,1502,1504,1504,1505,1506,1508,1508,1509 
1511,1511,1513,1513,1514,1516,1516,1517,1518,1519 
1521,1521,1522,1524,1524,1526,1527,1527,1529,1529 
1530,1532,1532,1533,1535,1535,1537,1538,1538,1540 
1541,1541,1543,1544,1545,1546,1546,1547,1549,1549 
1550,1551,1552,1554,1554,1555,1556,1558,1559,1559 
1561,1561,1562,1564,1565,1565,1566,1567,1568,1570 
1571,1571,1572,1574,1575,1575,1577,1578,1578,1580 
1580,1581,1582,1584,1585,1586,1586,1587,1588,1590 
1590,1592,1593,1593,1595,1596,1596,1598,1598,1599 
1601,1602,1603,1604,1604,1605,1606,1607,1609,1610 
1610,1612,1613,1614,1614,1616,1616,1617,1618,1619 
1620,1621,1623,1624,1624,1625,1627,1627,1629,1629 
1631,1631,1632,1634,1634,1636,1636,1637,1638,1640 
1640,1642,1642,1644,1645,1646,1647,1648,1648,1649 
1650,1652,1653,1654,1654,1655,1657,1658,1658,1659 
1660,1662,1662,1664,1665,1665,1666,1668,1668,1670 
1671,1672,1673,1674,1675,1676,1677,1677,1678,1679 
1681,1681,1682,1684,1684,1685,1687,1688,1689,1690 
1691,1692,1693,1693,1695,1696,1696,1698,1699,1699 
1701,1702,1702,1704,1704,1705,1706,1708,1708,1709 
1711,1712,1712,1714,1715,1715,1717,1717,1718,1720 
1720,1722,1722,1724,1725,1726,1727,1727,1729,1729 
1731,1732,1732,1734,1734,1736,1736,1737,1739,1739 
1741,1742,1742,1743,1744,1745,1747,1748,1749,1749 
1750,1751,1752,1754,1755,1755,1756,1757,1758,1760 
1760,1761,1762,1764,1764,1765,1766,1768,1769,1770 
1771,1772,1773,1774,1775,1775,1777,1778,1779,1779 
1781,1781,1782,1784,1784,1786,1786,1788,1789,1790 
1791,1792,1792,1794,1794,1795,1796,1797,1798,1800 
1800,1801,1803,1803,1805,1806,1806,1807,1808,1809 
1811,1812,1812,1813,1814,1816,1816,1818,1819,1820 
1821,1822,1822,1823,1825,1826,1827,1827,1828,1830 
1830,1831,1833,1833,1834,1835,1836,1837,1839,1840 
1840,1841,1843,1844,1844,1845,1847,1848,1848,1849 
1851,1851,1852,1854,1855,1856,1857,1858,1859,1860 
1860,1862,1862,1863,1865,1865,1866,1868,1869,1870 
1870,1871,1872,1873,1874,1876,1877,1877,1879,1879 
1880,1882,1882,1884,1885,1886,1886,1887,1888,1889 
1891,1892,1892,1894,1894,1896,1896,1897,1899,1899 
1900,1902,1903,1904,1904,1906,1907,1907,1909,1910 
1910,1911,1912,1914,1914,1916,1917,1917,1918,1919 
1921,1922,1923,1924,1925,1926,1927,1928,1928,1930 
1931,1932,1933,1934,1934,1936,1937,1938,1939,1939 
1941,1942,1943,1944,1945,1946,1946,1947,1949,1949 
1950,1951,1953,1954,1955,1956,1956,1958,1958,1960 
1960,1961,1963,1963,1965,1966,1966,1967,1968,1969 
1971,1971,1973,1973,1974,1976,1976,1977,1978,1980 
1981,1982,1983,1983,1985,1986,1987,1988,1989,1989 
1991,1991,1992,1993,1995,1995,1997,1998,1999,2000 
2001,2001,2003,2003,2004,2006,2007,2008,2008,2010 
2010,2011,2013,2014,2015,2015,2017,2018,2019,2020 
2020,2022,2022,2023,2024,2025,2027,2028,2028,2030 
2031,2031,2033,2033,2034,2035,2037,2038,2039,2040 
2041,2041,2043,2044,2044,2046,2046,2047,2048,2050 
2050,2051,2053,2054,2054,2055,2056,2058,2059,2059 
2061,2061,2063,2064,2065,2065,2067,2067,2068,2069 
2071,2072,2072,2074,2075,2075,2076,2077,2078,2079 
2081,2082,2082,2083,2084,2085,2087,2087,2088,2090 
2091,2091,2093,2094,2095,2095,2096,2097,2098,2100 
2100,2102,2102,2103,2105,2106,2107,2107,2109,2109 
2111,2112,2113,2114,2115,2115,2116,2117,2118,2119 
2121,2122,2123,2124,2124,2125,2126,2127,2129,2129 
2130,2131,2133,2133,2135,2135,2137,2137,2139,2140 
2141,2141,2143,2143,2144,2145,2147,2147,2149,2150 
2150,2152,2153,2154,2155,2155,2156,2158,2159,2160 
2160,2161,2163,2163,2164,2165,2166,2167,2169,2170 
2171,2171,2172,2173,2174,2175,2177,2177,2178,2180 
2181,2181,2182,2184,2185,2185,2187,2188,2188,2189 
2190,2192,2192,2193,2195,2196,2196,2198,2198,2199 
2201,2202,2203,2203,2204,2206,2206,2207,2209,2210 
2211,2211,2212,2213,2214,2216,2216,2217,2218,2219 
2220,2222,2222,2223,2224,2226,2227,2228,2229,2230 
2230,2231,2232,2233,2234,2235,2237,2238,2239,2239 
2241,2242,2242,2243,2245,2246,2247,2248,2249,2249 
2250,2252,2252,2253,2255,2256,2256,2258,2259,2260 
2260,2261,2263,2264,2264,2266,2267,2267,2268,2270 
2270,2271,2272,2274,2274,2275,2276,2278,2279,2280 
2281,2281,2282,2283,2285,2285,2287,2288,2289,2289 
2291,2291,2292,2293,2295,2295,2297,2297,2299,2300 
2300,2301,2302,2304,2304,2306,2306,2307,2308,2310 
2310,2311,2313,2314,2314,2316,2317,2317,2318,2320 
2321,2322,2323,2323,2324,2326,2327,2327,2329,2330 
2330,2331,2333,2333,2335,2336,2336,2337,2339,2340 
2341,2341,2342,2343,2345,2345,2347,2348,2348,2349 
2350,2351,2353,2353,2354,2355,2357,2357,2358,2359 
2360,2362,2362,2363,2364,2365,2366,2368,2368,2369 
2371,2372,2372,2374,2375,2376,2376,2378,2378,2379 
2381,2382,2383,2384,2385,2386,2387,2388,2388,2389 
2391,2392,2393,2393,2394,2396,2396,2397,2398,2399 
2401,2402,2402,2404,2405,2406,2406,2407,2408,2410 
2410,2411,2412,2414,2415,2416,2416,2418,2419,2419 
2421,2421,2422,2424,2424,2426,2426,2428,2428,2430 
2430,2432,2432,2434,2435,2436,2436,2437,2439,2440 
2441,2441,2443,2444,2445,2446,2447,2448,2448,2449 
2450,2451,2452,2454,2454,2456,2457,2458,2458,2460 
2461,2462,2462,2463,2465,2466,2467,2467,2468,2469 
2470,2471,2472,2473,2474,2476,2477,2477,2479,2479 
2481,2481,2482,2484,2485,2485,2486,2487,2488,2489 
2490,2492,2492,2494,2494,2495,2497,2498,2498,2499 
2501,2502,2503,2503,2504,2506,2506,2507,2509,2510 
2511,2512,2513,2513,2514,2515,2517,2517,2518,2520 
2521,2522,2523,2523,2525,2525,2527,2528,2529,2529 
2531,2532,2532,2534,2535,2535,2537,2538,2539,2539 
2540,2542,2543,2543,2544,2546,2547,2548,2549,2549 
2551,2551,2552,2553,2555,2555,2556,2558,2559,2560 
2561,2562,2563,2564,2564,2565,2567,2567,2569,2569 
2571,2572,2572,2574,2574,2575,2576,2578,2579,2580 
2580,2581,2582,2584,2585,2585,2586,2588,2588,2590 
2590,2591,2592,2593,2595,2596,2597,2598,2599,2600 
2600,2601,2603,2604,2604,2605,2606,2607,2608,2610 
2610,2612,2612,2613,2615,2616,2616,2618,2618,2619 
2620,2622,2622,2624,2624,2625,2626,2627,2628,2630 
2630,2631,2633,2634,2634,2636,2636,2638,2639,2640 
2640,2642,2642,2643,2644,2646,2646,2648,2648,2649 
2650,2652,2653,2654,2654,2656,2656,2658,2658,2660 
2660,2662,2663,2664,2664,2666,2667,2668,2668,2669 
2670,2672,2673,2673,2674,2675,2676,2678,2678,2679 
2680,2681,2683,2684,2685,2686,2686,2687,2688,2690 
2690,2692,2692,2693,2695,2696,2696,2698,2698,2699 
2701,2701,2703,2703,2705,2706,2706,2707,2709,2710 
2710,2712,2713,2714,2715,2716,2716,2717,2719,2719 
2721,2721,2722,2723,2725,2725,2726,2728,2728,2729 
2730,2732,2733,2733,2735,2736,2737,2737,2738,2739 
2741,2741,2742,2743,2744,2745,2746,2747,2749,2750 
2751,2752,2753,2753,2754,2755,2757,2757,2758,2760 
2761,2761,2762,2764,2765,2765,2767,2767,2768,2769 
2771,2772,2772,2774,2775,2775,2777,2777,2779,2779 
2781,2782,2782,2784,2784,2786,2787,2788,2789,2789 
2791,2791,2793,2793,2795,2796,2796,2798,2799,2799 
2800,2802,2803,2804,2805,2805,2807,2807,2808,2810 
2810,2811,2812,2814,2815,2815,2816,2818,2819,2819 
2821,2822,2823,2823,2825,2826,2826,2827,2828,2830 
2830,2831,2832,2833,2834,2836,2837,2838,2838,2839 
2841,2842,2842,2843,2845,2846,2847,2847,2849,2849 
2851,2852,2853,2853,2854,2855,2856,2858,2858,2860 
2861,2861,2862,2863,2865,2865,2867,2868,2868,2869 
2871,2871,2872,2873,2874,2875,2876,2878,2879,2879 
2881,2882,2883,2884,2885,2886,2886,2888,2889,2889 
2891,2892,2892,2893,2895,2896,2897,2898,2899,2900 
2901,2902,2903,2903,2904,2905,2906,2907,2909,2910 
2911,2911,2913,2914,2914,2915,2917,2917,2919,2920 
2921,2921,2922,2923,2925,2926,2927,2928,2928,2930 
2930,2931,2933,2934,2934,2935,2936,2937,2939,2940 
2941,2942,2943,2944,2945,2946,2946,2948,2949,2950 
2950,2951,2952,2953,2955,2955,2956,2958,2958,2960 
2960,2962,2963,2964,2965,2966,2966,2967,2969,2970 
2970,2972,2973,2973,2975,2976,2977,2978,2978,2979 
2981,2981,2983,2983,2985,2985,2986,2988,2989,2989 
2990,2991,2992,2994,2995,2996,2996,2998,2999,3000 
3000,3002,3003,3004,3004,3006,3006,3008,3008,3009 
3011,3011,3012,3013,3014,3016,3017,3018,3019,3020 
3020,3022,3023,3023,3025,3025,3027,3028,3029,3030 
3030,3032,3033,3033,3034,3035,3036,3037,3039,3039 
3041,3042,3043,3043,3045,3045,3046,3047,3048,3049 
3051,3052,3053,3053,3054,3055,3056,3058,3059,3059 
3060,3062,3063,3064,3065,3065,3066,3068,3068,3070 
3070,3071,3072,3073,3075,3075,3076,3078,3078,3079 
3080,3081,3083,3083,3084,3086,3087,3087,3089,3089 
3091,3092,3093,3093,3095,3096,3097,3097,3099,3100 
3100,3102,3102,3103,3105,3106,3106,3108,3108,3109 
3111,3112,3113,3114,3114,3116,3117,3118,3119,3119 
3120,3121,3123,3124,3125,3126,3127,3127,3128,3130 
3130,3131,3133,3134,3134,3136,3137,3137,3139,3140 
3141,3142,3143,3144,3144,3146,3147,3147,3149,3150 
3151,3151,3152,3154,3155,3156,3157,3157,3159,3160 
3160,3162,3162,3164,3164,3166,3167,3167,3169,3170 
3171,3171,3172,3173,3175,3176,3176,3178,3179,3180 
3180,3181,3182,3184,3184,3185,3187,3187,3189,3190 
3190,3191,3193,3193,3194,3196,3197,3197,3198,3199 
3201,3202,3203,3204,3204,3205,3207,3208,3209,3209 
3211,3211,3213,3213,3214,3216,3217,3217,3219,3220 
3220,3221,3223,3223,3224,3225,3226,3228,3228,3230 
3230,3232,3232,3233,3235,3235,3236,3238,3238,3239 
3241,3241,3243,3243,3245,3245,3246,3248,3249,3249 
3250,3251,3253,3253,3254,3256,3256,3257,3258,3259 
3261,3261,3263,3263,3264,3265,3266,3267,3269,3270 
3270,3272,3273,3273,3274,3276,3276,3278,3279,3280 
3280,3281,3282,3284,3284,3286,3287,3288,3288,3290 
3290,3292,3292,3293,3295,3296,3296,3298,3299,3299 
3301,3301,3303,3304,3305,3306,3306,3308,3308,3309 
3310,3312,3312,3314,3314,3316,3316,3317,3319,3320 
3321,3321,3322,3324,3325,3325,3326,3328,3329,3330 
3330,3331,3332,3334,3334,3336,3336,3338,3339,3339 
3340,3341,3342,3343,3345,3346,3346,3347,3349,3350 
3350,3352,3352,3354,3355,3356,3357,3358,3359,3359 
3361,3362,3363,3364,3364,3365,3367,3368,3368,3370 
3371,3371,3372,3374,3374,3375,3376,3377,3378,3379 
3380,3382,3382,3383,3385,3386,3386,3388,3389,3389 
3391,3392,3393,3394,3394,3396,3396,3397,3399,3400 
3401,3401,3402,3404,3405,3405,3406,3407,3408,3410 
3410,3411,3413,3414,3415,3416,3417,3418,3418,3420 
3420,3422,3423,3424,3424,3425,3427,3427,3429,3430 
3431,3432,3433,3433,3434,3436,3437,3438,3438,3439 
3441,3441,3442,3444,3445,3445,3447,3448,3449,3450 
3451,3452,3453,3454,3455,3455,3457,3458,3459,3460 
3460,3462,3462,3464,3465,3466,3466,3467,3468,3469 
3470,3471,3472,3473,3475,3476,3477,3478,3479,3480 
3480,3481,3482,3484,3485,3485,3486,3487,3489,3490 
3490,3492,3492,3494,3495,3495,3496,3497,3499,3500 
3501,3501,3502,3504,3504,3505,3507,3507,3508,3509 
3510,3512,3512,3513,3515,3516,3517,3517,3518,3520 
3521,3522,3522,3524,3524,3526,3526,3527,3528,3530 
3530,3532,3532,3534,3535,3535,3536,3537,3539,3539 
3540,3541,3542,3543,3545,3546,3547,3548,3549,3549 
3550,3552,3552,3553,3555,3556,3556,3557,3559,3560 
3560,3562,3562,3563,3564,3566,3567,3567,3568,3570 
3571,3572,3573,3574,3574,3575,3577,3578,3579,3579 
3581,3581,3583,3583,3584,3586,3587,3588,3588,3590 
3591,3591,3593,3593,3595,3596,3596,3597,3598,3600 
3600,3601,3603,3603,3604,3606,3606,3607,3609,3610 
3611,3611,3613,3613,3614,3615,3617,3618,3619,3619 
3621,3622,3622,3623,3624,3625,3626,3628,3629,3629 
3630,3632,3632,3633,3634,3635,3636,3637,3639,3640 
3641,3641,3643,3644,3644,3645,3646,3648,3648,3649 
3651,3652,3653,3653,3655,3656,3657,3657,3658,3659 
3660,3662,3663,3664,3664,3665,3667,3667,3669,3670 
3671,3671,3672,3674,3675,3675,3676,3677,3679,3679 
3681,3682,3682,3684,3684,3685,3686,3687,3689,3689 
3691,3692,3692,3693,3695,3695,3697,3697,3698,3700 
3701,3702,3702,3704,3705,3705,3706,3707,3708,3710 
3710,3712,3712,3714,3714,3716,3716,3717,3718,3720 
3720,3721,3722,3724,3725,3726,3726,3727,3729,3730 
3730,3732,3733,3733,3734,3736,3737,3738,3739,3740 
3741,3741,3742,3743,3745,3746,3747,3747,3749,3749 
3751,3752,3752,3754,3755,3756,3757,3757,3759,3759 
3761,3762,3763,3763,3765,3766,3767,3767,3768,3770 
3771,3772,3772,3774,3774,3776,3777,3778,3778,3779 
3781,3782,3783,3783,3784,3786,3786,3788,3788,3789 
3790,3791,3793,3794,3794,3795,3797,3797,3798,3800 
3800,3801,3803,3804,3804,3805,3807,3808,3809,3809 
3810,3812,3812,3813,3815,3816,3817,3818,3819,3820 
3821,3821,3822,3823,3825,3826,3826,3828,3828,3829 
3831,3831,3833,3834,3835,3836,3836,3837,3839,3840 
3840,3841,3842,3843,3845,3846,3846,3847,3849,3849 
3851,3852,3853,3853,3855,3856,3856,3858,3858,3859 
3860,3861,3863,3864,3865,3866,3867,3868,3868,3869 
3871,3872,3873,3874,3874,3876,3876,3878,3879,3879 
3881,3882,3883,3884,3884,3886,3886,3887,3889,3889 
3891,3892,3892,3894,3894,3896,3897,3898,3898,3899 
3900,3902,3903,3903,3905,3906,3906,3908,3909,3909 
3910,3911,3912,3913,3915,3916,3917,3918,3918,3919 
3921,3922,3923,3923,3924,3926,3927,3927,3929,3929 
3930,3932,3933,3934,3935,3936,3936,3938,3939,3939 
3941,3942,3942,3944,3944,3946,3947,3948,3948,3949 
3950,3952,3953,3953,3954,3956,3957,3957,3959,3960 
3961,3961,3962,3963,3964,3966,3967,3967,3968,3970 
3971,3972,3972,3974,3975,3975,3977,3978,3979,3979 
3981,3981,3982,3984,3985,3986,3986,3987,3989,3989 
3991,3992,3992,3994,3994,3995,3996,3997,3999,4000 
4000,4001,4002,4004,4004,4005,4007,4007,4008,4010 
4010,4012,4013,4014,4015,4016,4017,4018,4018,4019 
4020,4021,4022,4024,4025,4026,4026,4027,4029,4029 
4030,4031,4032,4033,4035,4036,4037,4037,4039,4039 
4041,4042,4042,4043,4045,4046,4046,4047,4048,4050 
4050,4051,4053,4054,4055,4056,4056,4058,4059,4060 
4061,4062,4063,4063,4065,4066,4067,4068,4069,4069 
4070,4071,4073,4074,4074,4076,4076,4077,4078,4079 
4080,4081,4082,4084,4085,4085,4087,4087,4089,4090 
4091,4091,4092,4093,4095,4095,4096,4098,4099,4099 
4101,4102,4103,4104,4104,4105,4107,4107,4109,4109 
4110,4112,4112,4114,4115,4115,4117,4117,4119,4119 
4120,4121,4123,4124,4124,4125,4126,4128,4129,4129 
4131,4131,4133,4134,4134,4136,4136,4137,4138,4140 
4140,4141,4143,4144,4145,4146,4146,4147,4148,4149 
4151,4151,4153,4154,4154,4155,4156,4158,4158,4159 
4161,4162,4162,4164,4165,4165,4167,4167,4168,4170 
4171,4172,4173,4173,4175,4176,4176,4177,4178,4180 
4181,4182,4182,4184,4185,4186,4187,4187,4189,4189 
4190,4192,4192,4193,4195,4196,4197,4198,4199,4199 
4200,4201,4203,4204,4204,4205,4207,4208,4208,4209 
4210,4211,4213,4213,4215,4215,4217,4218,4218,4219 
4221,4222,4222,4224,4224,4225,4226,4227,4228,4230 
4230,4231,4232,4233,4234,4235,4237,4237,4239,4240 
4240,4241,4243,4244,4245,4245,4246,4247,4248,4250 
4251,4252,4253,4254,4255,4255,4257,4257,4258,4260 
4261,4262,4263,4263,4265,4266,4266,4267,4268,4270 
4271,4271,4273,4273,4274,4275,4276,4277,4279,4280 
4281,4281,4282,4284,4284,4285,4286,4287,4288,4289 
4290,4292,4293,4294,4295,4296,4296,4298,4299,4300 
4300,4302,4302,4304,4305,4305,4307,4307,4309,4309 
4311,4311,4312,4314,4314,4315,4317,4317,4319,4320 
4320,4321,4323,4324,4324,4326,4327,4328,4328,4330 
4330,4332,4332,4333,4334,4335,4336,4337,4338,4340 
4341,4342,4343,4343,4345,4346,4347,4348,4348,4349 
4351,4352,4353,4354,4355,4356,4356,4358,4358,4359 
4361,4362,4363,4364,4365,4365,4367,4367,4369,4369 
4370,4371,4373,4373,4374,4375,4376,4377,4378,4380 
4380,4382,4382,4383,4384,4385,4387,4388,4388,4390 
4391,4391,4392,4394,4395,4396,4397,4397,4398,4400 
4400,4401,4402,4403,4404,4406,4407,4408,4408,4410 
4411,4411,4412,4413,4414,4415,4416,4418,4418,4419 
4420,4421,4423,4423,4425,4425,4427,4428,4428,4429 
4430,4432,4433,4433,4434,4436,4436,4438,4438,4439 
4441,4441,4442,4444,4445,4446,4447,4448,4449,4449 
4451,4451,4453,4453,4455,4455,4456,4458,4459,4459 
4461,4461,4463,4464,4464,4465,4466,4468,4469,4469 
4470,4471,4472,4473,4475,4475,4476,4477,4478,4479 
4481,4481,4483,4484,4484,4485,4487,4487,4489,4489 
4491,4492,4493,4493,4494,4495,4497,4497,4498,4500 
4500,4501,4503,4503,4505,4505,4506,4508,4508,4509 
4510,4511,4512,4514,4514,4516,4517,4517,4518,4520 
4520,4521,4522,4523,4524,4526,4527,4528,4528,4530 
4530,4531,4533,4533,4534,4535,4537,4537,4538,4539 
4541,4541,4542,4543,4545,4546,4547,4548,4549,4549 
4551,4552,4552,4553,4554,4555,4557,4557,4559,4560 
4560,4561,4563,4564,4564,4566,4567,4568,4569,4569 
4570,4571,4572,4574,4574,4576,4577,4578,4579,4579 
4580,4582,4583,4584,4585,4586,4586,4588,4588,4589 
4590,4592,4593,4593,4594,4596,4596,4598,4598,4599 
4600,4601,4602,4603,4605,4605,4607,4607,4609,4610 
4610,4611,4612,4613,4614,4615,4617,4618,4618,4620 
4620,4621,4622,4623,4625,4625,4627,4628,4628,4630 
4630,4631,4633,4633,4634,4636,4636,4638,4639,4640 
4640,4641,4642,4643,4645,4645,4646,4648,4648,4650 
4651,4651,4653,4653,4654,4655,4656,4657,4658,4659 
4661,4662,4662,4664,4664,4665,4666,4667,4668,4670 
4670,4671,4672,4674,4674,4676,4677,4678,4678,4680 
4681,4682,4682,4684,4684,4685,4687,4688,4689,4690 
4691,4691,4693,4694,4694,4696,4697,4697,4699,4699 
4700,4702,4702,4703,4705,4706,4706,4707,4708,4710 
4711,4712,4713,4714,4714,4715,4716,4718,4719,4720 
4721,4721,4722,4723,4724,4725,4727,4728,4728,4730 
4730,4732,4733,4733,4735,4736,4736,4738,4739,4740 
4741,4741,4743,4744,4745,4745,4746,4748,4749,4750 
4750,4751,4752,4754,4755,4755,4757,4757,4758,4760 
4760,4762,4762,4764,4764,4765,4766,4768,4768,4770 
4770,4772,4772,4773,4775,4775,4777,4777,4778,4780 
4781,4782,4783,4783,4784,4785,4786,4788,4788,4789 
4790,4792,4792,4794,4795,4796,4797,4797,4799,4799 
4801,4801,4803,4804,4804,4805,4806,4808,4808,4809 
4810,4812,4813,4813,4815,4815,4816,4817,4818,4819 
4821,4821,4823,4823,4824,4826,4826,4828,4829,4830 
4830,4831,4832,4833,4834,4836,4836,4837,4839,4840 
4841,4842,4842,4843,4844,4845,4846,4848,4849,4849 
4851,4852,4853,4854,4855,4856,4856,4857,4858,4859 
4861,4861,4863,4864,4864,4865,4867,4868,4868,4870 
4870,4871,4873,4874,4874,4875,4877,4878,4879,4879 
4881,4881,4883,4884,4885,4885,4886,4887,4889,4889 
4891,4892,4893,4893,4894,4895,4896,4897,4899,4899 
4901,4901,4903,4903,4905,4906,4906,4907,4908,4910 
4910,4911,4913,4914,4914,4915,4916,4918,4919,4920 
4921,4921,4923,4924,4924,4926,4926,4928,4929,4929 
4931,4932,4933,4933,4935,4936,4937,4938,4939,4939 
4941,4942,4942,4943,4945,4946,4947,4947,4948,4949 
4951,4952,4953,4953,4955,4956,4956,4958,4958,4960 
4960,4961,4963,4964,4965,4965,4967,4967,4968,4970 
4970,4971,4973,4974,4974,4975,4977,4977,4978,4980 
4981,4982,4983,4984,4985,4986,4986,4987,4988,4990 
4991,4992,4993,4994,4995,4996,4996,4997,4998,5000 
