669,134,420,318,100,58,988,729,772,325 
111,291,432,203,742,857,758,501,550,576 
788,490,473,468,776,705,376,129,17,729 
603,698,163,560,45,471,155,7,238,809 
648,407,46,713,714,460,507,183,770,423 
880,495,548,962,930,517,85,869,631,145 
526,133,397,869,458,340,165,732,346,956 
978,637,586,412,378,324,448,485,304,514 
120,918,458,387,583,996,470,29,482,638 
156,632,642,988,184,321,166,335,896,768 
269,195,100,458,919,306,534,81,374,74 
799,646,254,774,466,985,166,571,634,152 
715,584,364,315,920,985,688,736,955,853 
458,225,510,370,359,667,513,43,526,418 
17,488,604,0,535,171,844,685,719,859 
489,617,323,113,889,68,332,64,569,990 
165,106,535,730,932,621,760,933,541,44 
390,293,228,697,492,860,799,17,210,4 
550,728,184,220,40,595,225,905,971,805 
86,320,151,9,331,127,80,254,442,155 
327,801,586,804,756,27,731,741,9,651 
153,408,517,927,747,198,884,500,55,44 
152,13,348,289,663,247,539,844,920,251 
82,698,674,925,606,453,924,730,397,416 
691,206,990,902,995,531,237,531,244,926 
471,106,784,795,358,622,479,848,705,725 
416,703,484,997,388,981,79,682,968,304 
453,248,55,558,132,339,337,424,779,366 
821,77,5,872,246,819,481,258,140,856 
347,997,354,199,811,369,512,462,8,593 
149,811,976,130,314,823,575,481,301,635 
961,796,441,311,837,345,719,305,817,922 
587,163,980,114,157,269,308,914,57,841 
989,108,926,814,218,953,280,36,699,390 
267,519,875,272,685,246,172,480,301,970 
289,898,646,548,432,727,386,599,883,787 
565,189,210,257,432,190,334,514,909,954 
780,372,278,632,340,23,661,919,789,531 
951,985,238,277,322,528,132,16,247,593 
251,920,150,685,3,498,134,637,953,896 
133,166,982,737,258,858,192,588,252,702 
59,756,966,483,244,935,579,651,26,137 
560,293,705,943,570,156,844,869,204,521 
294,568,468,617,190,631,915,282,981,932 
688,391,140,865,409,610,935,390,685,769 
720,390,464,185,201,769,587,583,778,285 
783,822,891,973,430,330,78,572,471,907 
909,562,580,933,683,821,897,652,138,507 
107,533,56,28,267,120,70,172,950,154 
640,846,130,302,562,300,23,411,84,354 
15,769,892,171,579,269,725,620,804,236 
609,212,43,685,808,725,725,942,773,892 
727,640,945,299,898,143,63,505,922,145 
203,119,345,657,920,451,211,459,684,489 
773,311,458,397,71,267,459,638,636,536 
666,260,842,31,579,674,882,140,31,934 
605,608,687,390,832,461,763,853,910,571 
246,410,337,264,903,825,149,523,206,587 
393,809,232,369,379,889,850,902,318,74 
78,250,594,188,277,210,417,547,105,453 
1,208,645,242,747,347,268,189,391,779 
291,656,218,677,628,862,381,803,104,667 
347,179,72,199,175,41,975,73,287,991 
559,296,825,800,711,157,368,764,15,860 
883,941,208,386,346,1,322,752,422,672 
138,189,908,309,144,562,462,802,307,774 
270,596,913,26,504,581,975,343,227,544 
762,91,219,751,399,27,942,800,709,730 
960,86,741,104,990,380,363,414,996,716 
932,525,731,133,747,38,107,580,762,476 
480,777,537,965,204,298,958,688,569,902 
234,393,937,479,564,0,420,562,836,575 
989,355,334,586,474,841,448,232,614,648 
402,632,36,166,425,799,394,533,528,542 
32,927,356,960,339,736,187,513,771,821 
944,954,741,122,53,856,981,713,245,806 
108,551,148,927,34,352,142,941,257,91 
369,215,293,464,505,204,355,333,806,191 
285,320,779,723,768,167,157,637,946,299 
526,233,187,747,437,933,543,325,308,610 
365,871,758,416,783,60,819,393,318,106 
409,46,385,159,584,925,394,372,666,292 
261,474,934,647,294,177,256,414,110,16 
942,194,849,126,9,926,111,575,750,866 
710,266,96,634,192,759,644,269,406,702 
345,953,945,938,994,516,808,445,641,670 
235,797,713,50,707,700,80,115,956,293 
639,387,432,506,256,823,769,163,411,926 
474,737,557,848,410,288,29,436,287,762 
276,369,179,401,57,590,845,429,846,597 
703,691,202,945,663,182,516,201,53,975 
656,885,32,152,138,541,437,751,148,505 
877,422,853,987,617,159,697,169,93,44 
719,102,78,612,939,48,801,994,680,892 
994,584,345,365,822,153,628,684,301,907 
115,762,647,843,553,328,522,187,94,79 
653,590,15,732,660,916,509,691,585,745 
848,588,515,128,823,307,710,622,631,737 
911,961,694,25,905,150,746,949,425,129 
179,341,762,583,530,729,958,424,85,415 
243,305,872,990,61,813,905,403,997,99 
775,904,278,459,48,322,447,619,174,180 
778,198,838,135,497,147,277,147,95,923 
150,679,994,532,644,940,51,147,857,904 
767,830,153,222,982,863,982,322,781,301 
232,186,938,829,616,384,780,781,498,573 
924,585,797,976,699,167,665,83,322,44 
875,326,128,818,599,381,340,209,755,340 
759,521,252,27,244,522,16,445,840,811 
15,634,344,151,62,373,627,685,905,623 
533,694,581,690,684,66,31,594,27,211 
36,61,889,955,374,516,373,706,640,537 
976,223,551,144,751,759,53,331,124,60 
842,901,40,692,233,784,599,363,396,841 
408,635,77,73,111,879,875,559,136,783 
405,577,370,670,278,554,990,847,877,5 
595,542,375,551,312,699,83,427,949,473 
386,567,966,284,730,227,196,889,677,818 
666,559,258,48,385,323,48,52,728,507 
250,472,436,648,956,355,640,438,633,871 
369,703,582,406,89,19,278,759,614,252 
26,383,821,734,420,147,248,244,489,322 
450,853,18,199,979,166,45,723,157,849 
837,921,473,474,426,659,310,690,221,235 
607,493,637,123,744,295,319,742,301,787 
606,887,463,339,647,327,988,67,575,949 
90,416,515,653,431,543,620,147,656,695 
117,600,372,976,362,219,500,109,807,660 
674,101,18,585,171,704,174,139,867,797 
220,611,971,296,192,726,569,943,414,216 
588,966,72,364,113,297,37,25,192,879 
775,609,245,86,816,859,419,465,50,216 
179,942,626,155,789,435,768,17,65,353 
678,967,453,113,891,587,899,619,490,467 
21,286,940,850,312,554,766,833,394,408 
568,314,10,563,900,47,795,624,159,137 
484,984,439,741,751,254,745,992,324,116 
30,588,881,104,729,370,608,556,656,855 
605,723,484,220,858,735,302,925,258,48 
360,963,654,615,918,524,287,912,623,248 
49,702,388,575,383,960,99,350,273,449 
512,41,119,262,145,746,505,400,316,671 
701,377,832,714,667,387,205,570,184,380 
305,902,549,582,663,170,220,186,638,186 
623,941,507,307,173,619,892,753,169,240 
395,427,960,590,771,451,935,672,25,225 
959,860,282,7,798,31,501,320,267,795 
301,857,70,172,726,513,745,40,777,789 
807,644,901,940,24,851,996,937,774,593 
87,735,287,590,39,343,751,287,729,980 
313,294,957,336,945,665,268,263,394,208 
739,873,663,216,24,382,872,21,856,753 
579,500,386,495,588,758,92,161,171,192 
880,460,881,111,634,618,126,425,385,1 
217,215,623,658,293,367,887,212,973,854 
322,775,644,915,934,276,899,622,276,457 
152,79,820,667,679,267,335,164,800,608 
785,948,676,122,889,619,381,647,334,676 
314,900,399,70,508,795,735,780,263,492 
36,300,80,112,915,789,552,708,321,481 
202,466,264,666,487,156,108,161,915,554 
801,825,499,323,907,50,598,23,2,818 
469,267,944,277,656,326,351,989,887,784 
140,822,329,795,378,248,421,281,973,87 
83,205,916,823,213,646,98,576,463,805 
209,49,544,471,939,817,484,670,590,665 
48,843,235,854,82,838,628,778,834,166 
864,58,8,611,948,650,675,497,535,540 
587,647,986,703,301,445,506,572,641,445 
91,996,448,151,955,502,271,696,329,637 
507,982,856,413,208,978,219,510,650,680 
455,697,447,594,711,679,935,208,32,561 
1,92,51,890,755,410,432,225,173,245 
348,803,451,325,770,853,941,908,671,455 
37,415,149,867,909,642,726,101,490,60 
347,309,896,690,712,167,332,935,453,652 
184,153,348,761,974,543,65,261,637,870 
147,65,241,627,422,31,762,811,658,957 
211,574,732,107,588,137,967,655,463,859 
135,2,724,168,714,572,937,481,427,146 
802,628,419,880,840,623,182,17,233,104 
768,371,405,600,530,440,952,751,493,358 
624,633,10,976,245,93,299,374,744,518 
841,632,713,394,347,648,321,120,528,212 
216,662,354,314,68,505,567,239,392,854 
693,0,20,789,209,210,486,741,724,948 
821,434,778,546,350,75,720,973,229,488 
905,165,498,913,182,880,797,410,64,485 
727,419,939,529,927,539,345,179,597,276 
959,339,358,217,744,580,589,948,228,131 
451,277,341,487,810,565,262,304,276,433 
833,101,138,57,99,997,300,95,909,391 
221,13,186,69,767,400,352,435,402,945 
181,638,964,82,640,15,54,486,712,310 
995,168,133,436,438,61,121,513,191,830 
75,491,81,246,392,256,643,338,118,443 
721,790,534,170,14,396,773,976,408,295 
615,486,200,574,993,501,213,204,202,567 
372,747,420,947,774,297,373,887,270,259 
709,767,549,567,939,403,764,918,872,991 
790,29,368,941,711,988,128,925,484,415 
416,212,880,907,415,946,353,603,293,885 
213,368,578,435,388,431,776,557,307,436 
71,560,490,812,805,805,435,72,215,183 
583,45,881,836,303,993,302,101,116,840 
941,992,99,308,152,357,312,699,130,341 
918,762,292,918,753,471,387,723,944,717 
170,192,10,585,968,844,44,353,966,319 
492,315,543,186,957,739,4,406,15,487 
635,765,962,293,891,13,703,588,463,539 
91,223,245,716,993,678,921,302,91,423 
90,765,941,762,873,817,166,274,466,853 
795,782,217,658,394,144,490,330,392,949 
420,505,559,211,611,190,136,249,8,367 
593,863,944,282,891,279,22,32,130,59 
797,203,513,902,919,289,506,871,171,833 
848,495,734,449,65,740,760,178,418,614 
370,436,49,950,569,91,825,551,466,451 
30,244,338,799,254,81,288,796,679,46 
58,869,410,854,905,520,828,166,266,21 
933,952,681,199,255,215,732,819,37,101 
689,365,605,33,453,658,484,620,139,793 
20,714,317,730,252,773,233,720,340,797 
131,579,28,821,939,837,920,695,195,991 
714,471,152,956,652,212,626,835,631,347 
801,842,662,942,174,581,184,146,779,838 
478,454,912,815,778,431,3,467,679,424 
939,258,987,783,873,739,438,923,588,724 
621,281,647,388,704,958,17,42,116,335 
977,111,485,124,836,422,924,507,893,723 
25,192,951,681,133,938,10,254,479,121 
303,881,305,380,162,804,646,143,923,436 
34,929,329,629,654,595,932,395,318,317 
861,603,801,946,828,864,565,436,878,1 
996,3,337,335,559,774,685,69,229,844 
848,48,232,908,38,134,596,576,508,538 
820,632,383,733,204,403,542,674,29,344 
601,432,560,939,908,514,738,740,948,498 
816,585,604,393,872,587,132,844,195,214 
991,329,483,457,984,311,588,254,553,931 
362,676,39,951,352,375,613,373,688,457 
987,937,724,434,850,500,391,219,239,437 
392,457,474,241,364,684,402,708,192,39 
16,32,688,666,876,746,623,531,311,380 
107,611,550,700,612,188,575,148,297,832 
380,299,126,573,561,721,326,333,227,799 
474,562,55,669,763,927,917,557,289,769 
623,348,824,780,417,281,244,10,127,174 
986,262,229,340,746,455,271,275,284,200 
646,966,742,860,948,357,343,519,76,348 
491,959,873,937,428,97,681,859,481,112 
845,381,69,777,936,426,351,26,657,435 
682,552,423,516,624,232,777,60,472,581 
527,787,760,424,656,542,209,382,992,277 
990,315,542,518,536,652,464,507,362,842 
363,438,835,770,291,964,413,66,778,159 
441,70,353,870,509,720,617,856,4,614 
196,717,728,758,285,269,734,636,897,993 
21,908,952,767,957,498,676,204,256,670 
85,570,952,238,246,649,477,356,16,514 
697,295,392,534,898,309,31,85,818,13 
399,954,71,346,829,123,882,92,384,639 
574,417,228,616,311,89,10,624,373,631 
40,472,435,251,608,204,32,436,392,610 
210,795,414,625,761,923,686,438,423,652 
201,225,970,262,563,238,244,931,626,552 
840,181,446,416,640,759,865,675,439,56 
236,593,272,977,947,138,985,64,318,3 
704,37,741,998,17,562,752,471,553,31 
248,11,378,291,165,428,835,39,253,879 
530,492,142,518,945,981,840,48,451,863 
546,494,193,652,687,618,294,743,101,448 
875,538,178,110,351,500,483,624,383,950 
394,4,926,300,43,596,545,281,195,601 
322,154,798,148,70,693,219,233,189,275 
78,21,990,800,171,950,837,36,530,937 
418,601,571,405,862,909,702,367,980,690 
319,736,738,408,165,721,515,148,958,359 
899,249,169,312,390,597,607,37,373,191 
998,690,542,676,300,264,895,473,932,68 
430,883,336,129,80,394,980,544,108,796 
786,488,171,206,8,488,831,124,762,704 
685,930,412,904,488,83,689,360,963,902 
281,607,979,762,106,328,239,78,414,126 
149,146,325,8,914,276,679,503,901,483 
120,828,64,624,488,982,268,282,174,834 
585,744,696,843,231,761,618,569,988,879 
417,678,553,946,210,203,547,401,307,73 
388,84,366,491,187,837,294,721,150,324 
47,936,51,593,663,941,470,109,690,800 
169,857,78,469,670,872,557,269,906,497 
32,867,735,44,190,419,369,829,737,813 
186,758,305,303,389,903,367,376,987,329 
392,865,61,865,932,526,150,32,418,594 
852,822,282,321,524,958,838,534,15,53 
262,205,284,780,343,979,939,886,823,961 
940,227,879,712,834,26,381,926,967,53 
109,926,188,950,964,734,165,608,929,402 
616,888,928,718,408,530,732,144,618,296 
353,708,795,173,539,705,20,888,598,376 
371,396,251,637,159,692,363,230,847,692 
851,89,424,794,997,571,970,356,327,410 
741,963,345,747,13,396,208,904,727,848 
779,145,591,193,30,931,920,981,955,351 
527,551,841,209,140,224,486,648,885,741 
553,821,73,66,893,757,670,644,99,969 
320,132,695,933,343,848,348,909,515,595 
39,154,223,509,573,84,511,245,298,842 
935,498,983,902,417,289,455,140,371,313 
94,512,443,282,310,678,559,388,312,405 
421,252,12,717,420,17,261,448,358,165 
363,725,138,863,206,279,986,429,427,644 
46,302,407,17,450,726,102,667,43,115 
430,152,593,540,973,380,954,849,443,560 
212,981,950,356,268,320,152,653,999,281 
71,402,691,225,361,192,948,554,625,622 
583,239,506,307,324,213,791,794,117,663 
933,912,213,415,350,12,247,216,139,877 
356,281,469,978,696,508,16,906,434,284 
548,99,102,804,9,0,713,637,166,612 
656,864,326,891,86,545,16,344,928,164 
122,249,318,777,257,375,808,331,384,665 
482,983,394,464,454,616,69,908,301,583 
966,326,473,15,386,143,74,847,896,333 
51,936,385,406,128,998,441,349,879,924 
597,738,656,32,768,566,769,853,844,900 
907,639,730,618,323,178,870,647,845,643 
994,207,340,736,484,129,295,651,103,257 
120,41,739,410,846,377,570,955,989,161 
97,938,983,402,222,351,217,227,516,919 
356,331,593,689,967,376,992,852,406,980 
135,279,321,343,391,227,891,760,227,139 
596,605,720,124,470,795,448,591,425,855 
74,43,851,186,465,679,727,363,607,45 
601,694,47,938,924,658,356,34,120,97 
977,433,643,224,141,284,979,878,994,262 
37,610,899,935,597,413,464,782,658,358 
775,526,989,756,81,351,182,606,230,460 
491,646,805,754,574,677,892,464,258,912 
265,25,746,743,531,974,926,718,784,929 
179,893,907,413,717,994,529,65,651,702 
505,555,240,157,38,809,985,895,770,554 
856,372,744,956,988,676,254,518,899,131 
277,965,29,292,927,709,878,221,356,333 
279,8,217,581,409,865,46,67,240,83 
633,768,952,278,260,738,663,507,520,186 
679,992,661,790,566,726,199,409,827,871 
198,326,22,126,130,772,429,231,545,531 
375,117,263,13,39,714,817,487,519,737 
470,86,182,295,714,351,424,952,944,311 
632,510,547,377,516,44,873,142,149,937 
965,702,746,705,151,812,584,661,482,440 
744,145,962,647,381,102,616,493,672,294 
92,682,994,853,438,513,813,512,497,133 
711,925,508,935,77,778,349,667,320,369 
548,217,942,825,298,439,399,240,445,411 
442,716,409,989,940,953,788,427,285,532 
637,255,911,279,178,931,139,349,958,309 
34,405,691,469,20,315,801,75,929,297 
691,613,994,566,866,326,883,901,288,627 
183,62,507,751,464,201,853,734,2,710 
964,918,874,578,994,289,280,412,555,983 
718,686,886,433,964,927,339,872,266,341 
432,484,369,696,247,768,830,905,479,803 
444,745,21,306,917,494,254,592,300,856 
132,551,434,698,420,744,44,348,96,71 
165,909,557,2,861,966,531,512,46,882 
396,246,294,713,275,228,894,988,811,839 
678,507,289,855,562,505,47,241,790,657 
253,663,185,186,326,242,225,702,356,538 
187,272,545,236,284,372,252,962,17,880 
828,857,264,696,300,516,714,168,779,909 
621,618,895,132,305,999,269,704,55,922 
431,386,233,192,314,713,418,564,563,303 
539,679,158,763,663,308,507,376,212,810 
102,67,543,730,640,193,210,168,303,479 
652,927,391,891,173,749,995,440,732,686 
484,887,352,428,133,576,63,555,609,608 
518,803,281,301,350,703,174,220,199,250 
487,715,164,33,272,411,378,851,343,997 
694,325,716,878,99,619,164,341,84,313 
466,641,20,951,827,855,79,179,92,888 
5,88,282,922,603,260,694,613,573,927 
155,422,700,423,189,680,312,656,696,349 
74,617,594,733,977,499,686,334,367,730 
950,521,191,462,404,917,109,739,581,773 
313,675,427,372,970,126,285,369,595,512 
893,237,549,553,277,97,593,730,239,957 
568,978,816,251,273,264,937,106,438,947 
314,287,115,30,754,525,427,591,871,93 
369,510,806,873,489,819,912,426,409,152 
682,209,383,341,839,931,720,475,580,749 
513,952,175,615,334,201,741,157,741,590 
863,544,238,78,336,596,833,580,22,666 
188,161,906,558,128,33,77,507,911,722 
617,961,740,78,402,513,214,290,167,231 
938,710,665,454,341,389,135,194,835,991 
674,855,351,994,124,327,199,904,184,152 
274,289,206,955,673,104,246,345,928,867 
462,920,536,661,313,51,906,78,966,808 
849,66,178,195,900,918,819,304,384,494 
939,206,662,764,197,63,862,548,751,259 
263,587,875,812,353,981,908,652,561,981 
162,586,41,567,921,548,434,489,428,134 
998,161,618,113,918,968,875,887,805,164 
9,571,936,707,669,589,266,283,508,155 
311,62,438,195,877,427,916,53,699,624 
419,93,871,755,289,45,799,688,171,874 
211,717,608,69,789,945,942,954,871,178 
855,325,976,414,327,328,834,10,189,977 
939,326,100,72,981,273,885,591,900,289 
962,962,836,858,969,525,157,352,291,941 
732,808,200,86,775,336,321,300,652,543 
994,702,438,767,994,932,470,407,888,649 
658,181,972,531,916,497,279,183,922,700 
943,186,669,519,779,435,544,432,928,460 
279,991,342,759,497,192,890,484,780,825 
760,744,876,410,276,138,239,108,149,640 
632,10,775,774,854,556,932,422,744,715 
87,635,183,503,228,823,312,115,639,605 
340,650,439,617,382,803,951,667,49,296 
633,218,779,525,567,85,242,27,568,924 
98,556,443,38,56,592,370,60,877,646 
798,90,322,207,347,918,637,701,969,905 
238,833,718,978,720,185,323,578,351,400 
977,850,858,127,551,856,13,553,628,121 
503,805,371,8,530,780,704,668,340,322 
109,256,297,818,721,812,355,658,182,577 
183,814,589,58,277,80,608,710,412,5 
52,330,103,666,521,778,72,341,640,408 
344,936,248,989,872,857,452,45,263,885 
564,288,744,738,127,962,294,492,394,387 
47,967,920,154,995,691,613,933,976,126 
40,924,396,611,661,28,181,944,101,543 
488,869,443,864,404,624,763,724,266,934 
864,148,676,964,922,879,415,747,811,901 
70,290,173,678,948,5,170,112,270,188 
535,152,834,166,733,663,560,964,157,14 
540,738,480,661,157,520,568,84,406,207 
247,581,398,6,402,984,149,508,241,22 
845,240,445,634,162,861,743,601,384,345 
9,186,145,276,11,449,383,222,165,381 
620,273,508,185,235,806,523,8,546,763 
230,761,999,802,846,882,732,109,220,281 
568,965,444,782,732,673,496,324,126,532 
181,326,429,775,102,574,715,494,700,217 
680,191,286,990,336,132,939,693,715,650 
105,996,220,378,496,805,449,940,73,739 
910,804,597,979,822,741,723,560,48,713 
729,534,570,434,981,288,812,747,641,45 
995,296,754,85,400,709,547,850,845,362 
803,10,323,115,295,712,739,309,597,594 
119,844,678,717,612,970,423,372,39,179 
293,360,897,148,642,521,696,913,800,779 
811,965,833,460,777,4,489,17,303,245 
992,240,676,739,968,17,667,939,39,157 
413,399,201,313,328,265,598,852,607,276 
707,291,207,227,192,253,932,149,957,26 
846,800,754,568,779,546,641,477,90,79 
674,816,425,717,787,163,668,475,626,777 
507,832,89,285,582,47,228,35,808,824 
81,919,69,50,989,379,16,317,207,815 
422,948,931,105,785,95,502,348,538,751 
497,620,870,914,604,127,516,958,616,847 
800,298,688,749,695,880,901,775,863,111 
965,522,962,885,368,91,256,778,110,990 
381,607,232,434,214,213,458,396,651,659 
593,32,906,495,879,94,616,437,904,680 
108,533,239,74,410,911,634,914,489,858 
984,919,338,18,403,574,173,247,621,544 
521,26,771,287,736,107,592,951,885,589 
336,569,235,3,2,491,579,724,120,723 
153,682,462,66,396,161,29,573,232,354 
179,391,298,319,697,67,743,273,281,988 
193,445,225,111,704,221,328,520,984,930 
188,162,348,207,286,499,664,634,595,707 
835,211,839,117,929,527,648,837,235,302 
84,626,793,224,432,301,302,14,247,655 
158,773,971,34,95,301,979,654,88,31 
544,99,962,46,973,502,722,541,460,676 
8,310,55,763,200,954,649,160,43,28 
658,235,672,799,760,111,684,120,9,606 
483,567,474,874,865,735,122,253,498,413 
296,970,658,309,237,756,971,815,432,924 
129,201,293,32,755,462,544,7,400,68 
660,265,346,539,635,251,956,177,728,696 
188,627,401,507,917,510,554,338,573,844 
736,316,709,626,804,218,618,517,143,875 
582,900,864,530,108,545,375,227,167,90 
581,195,469,916,194,140,21,375,331,711 
442,452,134,36,163,898,707,517,153,472 
953,498,692,765,561,669,402,596,819,253 
573,836,596,8,24,739,593,608,694,578 
898,425,599,307,590,89,527,311,414,333 
213,148,881,301,437,315,908,550,770,920 
667,854,12,211,545,980,897,308,840,756 
812,667,669,306,279,453,507,903,581,427 
810,527,609,620,483,523,420,66,12,441 
743,26,235,593,326,733,536,435,533,220 
635,148,850,752,831,400,238,479,746,841 
593,739,98,53,473,108,997,549,151,406 
276,426,110,501,502,627,481,820,85,33 
495,38,647,835,845,468,252,909,665,996 
854,843,79,930,489,956,266,193,33,50 
400,90,515,741,290,261,385,847,599,781 
237,986,228,134,672,878,490,274,968,975 
116,928,972,754,51,702,629,872,679,549 
356,396,853,35,130,502,224,999,439,74 
461,508,626,842,495,776,362,440,555,143 
231,680,761,816,600,314,392,961,690,645 
133,790,265,407,696,765,198,985,259,133 
677,487,279,45,890,686,564,177,304,621 
525,758,773,430,607,463,686,302,484,576 
370,640,631,176,693,800,630,524,380,722 
383,37,207,347,97,148,536,720,16,380 
783,459,780,573,999,908,423,769,633,827 
673,87,810,219,858,893,572,602,395,619 
542,910,977,43,297,122,247,844,528,213 
647,277,778,731,988,22,800,165,303,443 
221,692,980,90,351,683,169,451,673,626 
659,79,698,95,204,961,374,975,781,746 
910,66,699,649,998,924,177,486,412,71 
410,599,560,798,778,764,668,965,640,933 
297,908,370,372,651,954,925,981,507,590 
830,770,31,441,138,682,263,231,535,281 
727,461,37,355,428,804,53,890,53,371 
604,184,392,387,467,254,717,403,191,482 
467,300,72,383,101,543,952,223,641,667 
833,819,813,242,227,731,230,699,114,952 
14,202,888,983,689,595,764,681,156,559 
614,173,515,677,525,431,230,417,496,497 
327,858,581,615,426,148,113,417,113,870 
413,730,75,119,9,670,793,138,591,496 
973,384,79,608,823,356,107,188,861,577 
814,574,942,352,502,171,731,438,690,507 
514,786,866,572,785,804,490,1,244,457 
746,72,314,19,213,569,786,270,572,531 
502,853,55,185,33,378,279,585,530,252 
210,268,813,475,828,265,442,15,119,749 
461,342,367,837,169,261,557,116,289,942 
453,95,453,351,566,206,109,771,93,397 
77,138,110,105,5,612,553,294,980,162 
53,644,369,13,60,811,437,312,546,667 
488,656,794,142,638,693,679,577,950,400 
772,869,671,484,386,340,711,465,20,471 
394,763,263,365,915,1,651,917,354,506 
136,4,138,154,583,114,270,721,823,287 
319,589,329,835,316,406,688,355,919,39 
192,824,144,997,650,745,665,503,545,952 
404,773,948,882,332,565,464,960,615,129 
81,259,957,629,406,5,873,300,150,138 
584,130,634,156,866,723,329,854,412,338 
842,792,360,791,993,386,298,400,665,444 
415,152,26,729,508,164,168,716,784,106 
408,835,264,229,327,512,829,203,936,943 
819,623,682,145,384,690,684,486,439,173 
206,754,993,641,645,454,136,439,506,255 
967,332,57,428,248,932,785,257,107,680 
516,88,176,50,836,247,98,628,16,932 
848,160,154,621,257,450,599,181,836,882 
578,625,497,974,309,400,30,420,253,112 
378,725,720,286,896,933,878,749,409,271 
681,160,57,374,35,738,156,542,219,474 
860,608,659,173,458,324,136,939,974,161 
383,876,389,520,889,771,375,519,355,960 
121,145,468,124,965,306,763,517,76,769 
725,338,414,742,88,680,534,362,264,210 
724,502,43,623,32,284,850,742,168,938 
134,516,30,5,477,102,897,25,848,258 
239,430,762,191,52,119,775,590,761,869 
478,136,411,192,261,702,335,365,839,112 
120,594,645,405,260,902,270,521,297,559 
172,957,439,627,277,463,242,808,490,874 
319,303,720,89,488,618,888,165,238,127 
957,271,930,852,210,534,256,746,13,57 
88,279,876,281,138,971,723,958,798,12 
726,114,949,981,81,442,231,609,274,984 
218,69,575,110,379,628,818,189,845,788 
78,3,787,869,228,131,139,34,63,118 
706,384,752,728,294,963,358,670,459,856 
189,355,821,525,634,865,47,157,465,84 
494,664,876,306,278,294,648,255,374,932 
45,845,834,71,58,129,165,70,850,729 
873,644,655,249,461,642,57,884,689,316 
323,16,217,714,91,698,172,998,780,857 
280,981,930,614,35,934,713,505,904,184 
545,983,309,33,186,943,821,0,889,444 
703,652,500,404,313,797,560,512,410,864 
732,780,515,969,425,854,881,441,681,931 
843,166,144,181,610,881,940,977,761,163 
605,844,298,729,680,670,891,39,662,455 
627,593,52,757,389,148,246,568,688,731 
61,932,512,165,931,22,829,907,519,426 
893,103,145,17,417,481,467,376,97,475 
417,483,765,596,463,936,569,546,310,272 
115,544,115,497,180,479,780,846,873,57 
32,736,710,376,418,245,54,277,256,391 
73,333,574,704,794,718,411,641,147,759 
477,418,927,301,206,3,204,826,370,913 
652,439,275,861,918,707,635,806,622,604 
293,815,149,401,921,955,94,306,754,892 
287,599,758,946,216,174,121,145,411,856 
110,324,847,346,532,326,91,82,304,423 
20,447,181,683,51,731,828,590,894,869 
49,268,449,222,429,213,729,254,130,573 
173,671,342,954,657,886,190,295,872,258 
814,237,205,997,115,328,62,895,726,416 
598,378,869,534,622,929,367,990,15,177 
243,485,286,401,605,903,508,286,455,851 
737,311,672,939,245,408,108,275,602,521 
96,418,290,974,688,846,424,218,767,10 
485,196,681,523,706,916,112,904,165,527 
466,351,722,709,283,181,855,764,620,381 
644,509,408,826,533,741,239,776,557,742 
665,468,777,243,80,139,870,467,2,424 
447,292,386,223,943,489,786,631,792,222 
143,637,198,864,977,955,124,937,134,975 
80,345,674,72,436,89,364,643,444,937 
504,603,224,178,733,543,661,837,674,822 
484,697,66,29,870,684,0,857,306,937 
417,248,205,112,165,810,613,483,657,333 
610,500,765,126,849,404,781,819,151,782 
582,885,38,626,782,179,479,422,928,705 
588,167,811,615,624,93,191,150,958,988 
747,214,195,519,701,331,865,615,103,382 
584,993,802,728,155,269,738,809,637,298 
958,790,318,687,474,784,294,749,979,257 
996,265,462,386,787,453,757,744,970,166 
943,806,534,440,507,859,639,309,417,995 
100,797,509,92,211,478,33,615,401,69 
517,510,2,517,78,773,606,772,792,9 
737,390,17,165,853,656,324,835,165,366 
151,647,128,801,873,335,880,840,371,991 
791,991,586,578,941,565,46,826,929,159 
123,592,993,770,505,31,511,614,50,931 
186,270,399,127,270,275,263,148,889,616 
462,741,683,385,5,383,617,492,812,567 
214,674,41,435,719,487,707,610,481,604 
416,455,202,54,31,928,448,528,858,598 
882,939,236,853,329,693,387,387,698,215 
834,302,379,265,190,717,151,944,115,360 
856,576,754,508,408,684,73,486,124,906 
607,817,998,276,914,443,133,65,399,817 
323,274,813,683,291,992,367,443,28,722 
924,710,191,692,957,677,65,244,930,877 
517,62,489,778,473,464,908,131,595,39 
646,102,809,248,10,628,482,731,231,215 
235,921,260,496,385,718,684,830,0,921 
606,641,847,313,828,692,305,394,590,352 
424,13,3,957,287,805,763,795,364,54 
683,887,472,464,821,658,13,201,276,491 
131,576,449,149,878,381,13,603,320,223 
340,487,878,317,810,322,274,854,333,821 
381,941,374,863,246,259,669,551,548,184 
152,665,300,340,903,270,351,240,152,323 
202,50,50,220,819,781,632,713,638,143 
12,758,593,260,252,161,322,911,670,517 
571,441,620,187,303,562,724,984,308,36 
767,265,813,712,612,418,42,200,280,367 
438,259,260,970,29,79,354,547,248,584 
309,526,223,103,469,341,937,134,964,422 
443,7,912,80,91,988,917,951,671,826 
126,279,519,727,928,181,764,210,148,656 
43,233,454,566,162,517,374,188,710,347 
715,382,263,828,263,972,384,387,971,501 
191,342,607,429,325,206,46,146,402,65 
548,540,264,231,373,867,194,393,740,859 
394,949,564,794,924,414,743,746,898,937 
792,601,476,42,15,565,115,676,336,550 
539,152,192,268,283,837,414,207,154,166 
946,622,776,969,221,727,662,755,428,4 
251,497,266,143,820,841,848,988,350,951 
468,45,499,995,492,995,423,160,989,368 
886,416,140,153,125,554,496,456,465,78 
331,497,879,247,723,402,601,495,849,541 
938,592,868,866,518,230,891,869,241,923 
574,423,355,746,271,41,388,5,403,139 
994,866,111,202,956,176,696,712,657,8 
67,493,186,278,270,779,625,718,849,983 
789,483,196,603,491,770,591,329,938,990 
720,722,459,213,668,677,555,504,237,827 
55,591,156,550,27,971,636,58,79,405 
787,692,430,467,701,919,124,499,118,109 
443,656,564,218,90,202,959,789,235,810 
998,408,639,706,623,838,945,371,3,692 
212,40,348,984,105,496,963,654,937,953 
450,98,3,408,131,991,498,741,99,246 
558,986,47,730,150,468,489,120,415,939 
111,85,660,932,976,975,514,525,12,405 
917,712,767,202,357,801,849,573,407,538 
989,684,385,302,148,567,222,489,557,985 
866,246,948,568,627,427,924,990,972,31 
450,960,895,36,128,835,933,287,538,735 
509,949,928,84,520,991,257,705,445,805 
200,867,742,793,974,770,261,810,995,232 
540,522,954,154,688,449,489,865,561,728 
850,794,217,25,641,209,950,555,481,469 
590,868,293,204,382,152,480,735,471,494 
242,873,61,369,256,329,869,555,839,254 
499,565,252,578,709,364,403,911,208,230 
834,695,125,275,128,608,655,446,112,899 
667,625,748,309,716,80,496,519,787,950 
109,344,600,957,534,755,63,761,578,515 
673,923,574,650,438,332,958,521,924,879 
816,690,23,769,254,609,61,4,638,617 
85,959,799,227,11,321,538,752,914,300 
499,120,591,975,698,764,933,236,738,957 
899,8,238,407,174,576,923,536,764,601 
326,659,246,240,250,761,561,440,974,815 
482,137,161,874,547,270,427,239,951,679 
97,599,517,581,908,727,788,68,895,822 
476,202,803,152,636,614,458,280,966,380 
436,58,315,309,616,870,36,282,723,240 
910,417,686,860,481,601,583,654,821,552 
799,960,810,100,259,886,211,181,777,227 
125,913,393,830,634,698,477,118,700,482 
983,906,872,566,278,134,409,961,603,392 
286,23,174,889,337,122,545,591,669,897 
101,950,963,468,33,86,561,381,356,688 
312,608,587,123,264,619,835,11,994,408 
877,553,761,871,729,261,270,368,432,567 
39,375,162,134,636,568,128,648,198,610 
288,568,971,8,27,861,546,370,332,383 
783,322,831,932,124,43,691,601,533,900 
653,276,998,617,83,806,763,402,706,710 
228,341,277,800,554,503,602,533,226,32 
242,268,958,477,509,902,962,294,936,927 
626,991,772,889,565,740,396,154,381,638 
147,941,126,698,527,294,865,9,286,383 
869,906,675,728,680,123,173,331,151,14 
845,797,344,416,138,809,0,221,490,270 
86,15,327,129,499,574,499,253,500,225 
506,350,397,770,699,838,612,784,98,47 
935,182,5,935,771,273,313,41,315,830 
56,351,25,186,889,413,364,683,189,170 
6,307,801,400,152,710,133,922,124,601 
175,773,111,682,293,503,593,974,702,636 
578,157,547,768,491,218,623,183,574,830 
399,959,867,437,696,247,833,544,597,625 
437,617,770,442,841,30,912,747,916,836 
596,752,2,996,462,598,64,515,555,625 
830,500,184,602,265,368,500,680,252,342 
80,646,162,213,613,962,267,229,570,734 
417,766,953,503,469,497,109,779,355,50 
859,280,231,895,217,759,474,994,207,39 
861,538,297,429,64,408,310,729,576,157 
40,173,811,321,112,302,625,766,677,325 
193,491,473,967,965,661,104,464,43,775 
94,991,256,194,740,107,875,975,399,59 
996,129,21,162,479,265,244,401,329,177 
945,807,870,217,778,180,996,104,449,635 
495,586,765,301,346,856,54,283,679,350 
805,771,643,421,686,891,473,865,227,636 
969,892,902,654,829,417,210,257,832,989 
23,707,923,680,832,822,437,506,506,185 
351,832,492,526,65,605,766,748,324,917 
55,955,973,445,703,612,955,422,701,99 
237,241,462,845,347,228,995,899,919,459 
29,417,511,401,24,720,587,669,545,487 
293,266,37,737,642,663,536,727,59,533 
471,942,488,919,314,707,74,459,218,67 
467,758,114,560,701,119,629,837,163,305 
524,170,712,420,770,195,882,925,366,595 
674,322,996,262,460,938,65,715,773,489 
248,312,533,657,982,73,547,675,294,712 
927,981,746,392,120,590,240,325,155,957 
804,610,636,128,679,926,316,992,284,761 
432,41,235,112,841,863,84,864,917,403 
297,495,706,886,984,693,794,69,772,122 
672,242,47,610,973,35,350,939,974,339 
409,303,902,511,981,101,164,355,752,345 
657,971,297,164,64,6,217,206,714,268 
746,464,917,88,290,502,344,744,51,137 
574,97,163,843,572,328,948,803,920,323 
719,153,121,886,809,620,781,266,394,478 
35,24,453,601,14,907,561,882,970,218 
420,772,318,325,975,904,566,599,762,112 
483,778,836,467,129,337,766,754,798,966 
133,705,242,524,731,266,7,494,385,459 
278,174,355,287,435,683,968,746,127,705 
196,62,880,364,372,179,479,951,285,148 
893,926,289,508,451,133,487,742,693,471 
158,236,873,808,573,336,42,350,594,646 
828,530,470,658,91,237,690,830,573,429 
872,972,648,527,815,338,153,838,188,139 
882,241,354,81,335,603,455,209,478,164 
970,607,72,693,20,512,632,505,26,927 
95,798,252,535,970,99,782,431,409,668 
656,739,996,536,507,535,692,972,67,934 
363,608,20,177,17,959,890,956,660,36 
833,90,27,599,333,144,607,327,407,167 
14,658,925,259,382,944,957,761,963,254 
950,141,901,430,674,161,25,515,236,433 
489,458,330,523,291,876,567,429,635,240 
408,663,694,677,248,311,892,77,19,91 
81,918,259,344,424,522,122,674,948,854 
565,773,693,655,218,71,987,24,678,752 
578,616,484,82,99,97,461,291,962,851 
633,897,529,175,136,653,776,608,816,504 
55,987,627,218,315,47,300,897,664,223 
77,254,97,933,832,756,481,489,417,66 
5,334,188,280,176,317,616,838,530,196 
175,759,670,726,33,100,903,886,916,637 
638,22,538,579,659,17,967,969,693,297 
206,793,711,482,655,563,898,654,582,583 
505,154,811,468,53,965,50,681,421,224 
287,104,17,785,368,467,891,2,926,30 
931,294,448,476,558,260,550,422,914,108 
504,638,769,86,689,633,159,298,203,219 
329,249,16,125,460,11,26,905,103,282 
312,46,327,68,653,655,277,238,782,949 
917,531,208,901,830,740,692,613,529,945 
505,807,432,349,804,920,772,984,5,794 
594,479,593,653,284,830,600,5,232,581 
155,573,447,976,260,177,420,512,113,873 
54,551,606,897,948,433,78,389,285,941 
206,186,25,587,430,912,143,72,964,788 
651,269,999,857,875,86,38,878,471,222 
971,667,987,743,359,885,411,791,666,993 
426,862,759,77,390,948,786,506,219,80 
783,22,874,482,280,638,526,634,163,80 
572,914,902,382,660,814,408,334,672,404 
205,359,24,486,701,15,943,109,113,55 
949,991,227,272,810,505,234,614,812,527 
399,10,77,0,695,454,613,624,893,18 
551,493,586,259,202,10,612,91,662,337 
40,140,649,131,686,341,590,676,552,871 
800,834,438,241,592,188,633,16,321,104 
777,483,76,620,30,18,253,245,584,622 
249,790,483,675,770,128,506,283,193,752 
270,796,799,759,852,665,216,459,897,807 
925,98,50,494,828,582,252,511,565,52 
860,748,35,383,21,410,86,706,284,964 
625,722,313,578,373,873,996,230,809,767 
954,359,188,563,731,462,225,552,608,374 
62,458,510,777,289,856,290,69,126,155 
632,413,57,844,108,563,429,933,676,644 
560,205,472,556,475,583,863,121,809,412 
687,99,459,644,713,152,733,300,342,318 
609,594,26,906,174,276,84,437,628,374 
150,302,327,426,576,819,422,449,667,761 
223,536,525,563,920,94,488,702,700,585 
726,979,705,897,782,774,426,268,532,260 
270,152,512,537,404,336,805,791,680,317 
972,363,487,510,860,273,995,131,40,975 
907,74,774,463,467,604,928,238,899,770 
648,322,558,265,756,273,825,948,940,636 
542,985,396,530,621,716,722,457,246,327 
78,151,917,763,961,751,466,80,739,87 
84,488,349,925,529,498,615,818,268,851 
64,263,804,958,928,964,613,684,867,408 
758,127,916,338,766,952,291,653,515,120 
877,267,560,4,38,208,763,793,638,655 
440,295,493,507,45,875,196,499,388,68 
674,832,94,454,447,499,386,981,825,855 
490,817,592,958,590,48,192,16,575,202 
195,430,354,686,408,412,206,209,836,796 
356,742,659,815,75,185,595,7,77,558 
158,593,290,335,314,686,607,186,206,408 
10,625,499,113,852,202,828,950,931,983 
204,203,139,520,739,857,361,956,988,642 
244,503,822,573,552,477,933,909,392,365 
876,148,887,144,730,588,908,713,110,654 
503,295,831,12,108,885,517,800,499,722 
414,456,122,268,806,17,328,280,302,824 
678,52,311,360,652,86,283,661,932,877 
377,519,847,317,171,18,691,800,917,730 
838,824,901,972,362,97,641,696,205,579 
25,715,427,61,730,936,754,317,724,662 
154,244,529,989,287,822,603,826,316,191 
840,50,846,393,60,180,18,442,388,150 
60,770,330,89,77,843,90,337,64,33 
560,356,9,369,131,749,794,645,914,216 
708,85,570,645,294,506,633,394,789,427 
578,384,121,195,421,608,815,938,74,918 
640,31,18,739,245,503,522,353,165,615 
989,32,821,838,445,758,555,198,534,42 
208,625,775,665,903,135,318,386,749,134 
910,764,591,571,704,375,747,84,867,24 
36,840,193,174,781,318,400,9,57,58 
993,66,381,710,744,637,403,77,713,500 
412,722,371,861,704,912,604,332,13,307 
129,755,658,219,384,717,511,168,588,538 
907,89,300,308,249,303,697,73,385,166 
833,273,574,988,965,447,401,850,811,61 
121,336,577,816,388,428,447,306,311,386 
55,526,566,208,356,118,121,224,500,328 
700,529,268,655,89,271,294,270,755,982 
465,823,633,62,510,450,710,200,98,841 
481,975,85,784,502,194,125,162,536,286 
559,750,761,728,332,968,815,375,148,316 
13,912,2,646,883,91,628,373,899,707 
93,749,946,211,232,892,782,740,715,44 
762,203,190,903,395,303,862,33,926,144 
995,463,945,131,570,293,667,274,568,957 
56,368,588,540,164,394,102,646,3,249 
650,674,859,988,4,152,263,291,847,382 
650,438,726,178,924,252,509,714,363,935 
373,79,368,172,82,416,749,800,747,403 
913,734,302,598,432,166,157,596,193,759 
889,603,501,277,641,201,729,318,535,495 
600,70,895,358,617,66,109,878,720,121 
514,622,851,55,107,37,595,523,14,127 
485,200,49,835,84,681,793,337,13,950 
507,449,751,51,371,726,797,159,79,850 
113,865,519,179,702,719,108,475,690,577 
490,837,134,474,163,691,548,382,217,405 
908,975,87,204,195,418,333,428,336,806 
710,920,932,133,511,63,14,322,415,764 
504,922,237,491,617,200,763,327,607,529 
413,825,993,302,678,627,431,951,935,235 
375,340,196,219,397,55,470,893,222,437 
502,267,425,60,28,404,57,574,957,179 
947,908,530,490,353,630,611,964,369,590 
735,927,102,388,246,712,833,964,134,825 
987,956,670,741,737,401,571,628,196,170 
556,426,987,276,500,490,288,828,267,633 
333,339,473,861,281,595,289,235,666,280 
325,871,744,826,404,30,676,287,877,656 
739,341,278,138,692,445,949,967,521,779 
786,263,669,962,656,743,411,468,479,776 
14,311,655,716,722,540,418,258,814,353 
6,779,573,717,781,717,448,123,235,461 
361,80,716,329,542,367,856,795,617,684 
517,618,560,886,46,243,357,13,781,5 
244,906,530,801,588,198,135,328,748,571 
418,254,60,503,549,565,917,430,342,765 
758,335,38,670,484,191,633,560,693,330 
17,938,753,488,94,223,485,203,878,806 
941,359,429,0,365,419,601,197,781,212 
293,735,143,944,520,656,798,503,49,976 
661,62,762,414,913,958,974,367,491,489 
935,773,318,188,480,799,89,640,668,846 
266,851,538,143,536,115,406,604,507,11 
588,229,458,214,387,829,216,655,916,391 
995,803,702,655,91,511,296,149,700,755 
786,492,192,968,520,768,44,781,155,30 
581,285,566,790,855,741,546,715,66,89 
279,883,449,110,279,785,352,26,416,416 
745,696,471,562,971,983,955,695,488,378 
813,177,522,203,362,180,441,288,202,219 
171,807,312,525,297,654,358,703,753,59 
861,811,485,98,190,742,288,997,848,358 
184,493,142,954,621,695,340,373,612,258 
934,810,88,981,173,931,302,645,479,12 
747,620,738,538,876,837,245,602,321,644 
658,340,488,811,580,221,866,470,369,548 
379,992,508,660,867,287,842,16,420,442 
534,374,376,59,803,810,593,119,62,435 
916,993,830,762,995,399,921,126,253,805 
108,525,44,446,582,829,562,441,817,305 
17,231,583,935,38,282,261,21,761,921 
550,780,180,585,655,973,277,942,602,552 
922,303,545,28,920,807,689,497,368,383 
729,424,215,376,621,140,736,679,627,154 
240,874,625,99,733,158,129,242,556,667 
531,41,166,23,821,86,342,319,241,515 
737,61,899,827,59,866,14,88,362,852 
314,626,337,667,35,378,795,470,457,84 
202,51,808,99,611,339,964,390,952,155 
914,360,890,31,997,462,936,657,524,329 
472,407,445,675,305,251,824,406,347,91 
418,552,715,681,645,171,871,157,952,312 
979,87,248,884,309,433,235,147,147,696 
420,737,31,603,40,648,91,563,924,699 
463,467,793,800,237,362,877,884,13,411 
63,417,970,94,383,635,624,895,0,128 
696,211,954,181,1,355,968,709,45,810 
499,428,205,489,73,26,290,745,566,644 
905,968,653,332,170,236,531,680,358,925 
336,920,98,256,843,625,316,405,432,519 
408,866,713,431,920,920,751,34,950,779 
115,813,735,680,981,469,583,926,839,128 
602,303,912,871,822,696,65,128,931,236 
413,264,827,407,953,918,620,862,485,946 
655,572,143,708,940,814,715,697,788,776 
273,615,547,481,835,482,816,225,440,472 
554,460,458,319,640,214,777,86,421,653 
906,240,487,15,399,237,418,904,716,730 
462,421,939,249,586,335,549,844,243,759 
862,619,685,952,316,173,132,211,603,147 
591,411,287,343,178,104,184,587,751,921 
315,551,169,978,211,2,404,518,635,265 
548,501,726,790,48,398,269,552,682,681 
245,240,15,763,698,555,574,332,236,971 
814,461,581,353,208,306,403,261,102,752 
688,590,670,808,780,333,152,697,668,139 
56,444,425,898,135,217,895,297,989,239 
600,658,43,312,205,821,88,610,952,351 
530,250,105,886,407,716,171,371,295,429 
506,426,759,393,484,389,93,264,33,324 
627,556,416,225,874,678,191,936,589,902 
798,988,918,552,945,181,753,155,505,365 
187,366,853,65,430,636,74,133,748,286 
908,920,765,527,56,239,760,491,168,509 
746,800,209,704,109,359,349,735,800,244 
616,223,175,264,977,157,287,408,95,718 
192,838,829,354,471,45,412,255,359,675 
147,385,820,199,165,135,203,617,32,25 
81,961,429,85,383,183,961,873,319,186 
511,915,558,276,719,717,853,906,823,948 
733,202,149,295,326,445,590,292,645,900 
38,246,832,198,700,123,351,847,137,482 
481,973,517,129,368,468,447,677,434,177 
103,411,285,988,89,915,686,262,384,572 
469,906,812,474,281,848,897,436,396,532 
894,354,146,86,239,548,908,10,439,854 
467,391,254,200,3,397,827,465,286,839 
358,987,889,440,45,417,503,555,800,133 
120,994,947,23,934,760,664,840,764,658 
710,277,779,143,290,566,579,825,664,438 
346,836,566,837,908,867,621,512,487,26 
293,210,537,517,804,164,368,312,867,977 
334,24,390,292,984,574,277,202,753,4 
867,996,311,320,346,253,810,390,153,90 
580,729,932,391,98,410,526,390,509,713 
886,882,333,136,563,674,35,904,708,41 
130,162,945,154,225,271,952,536,567,164 
909,539,796,373,57,640,983,619,141,560 
593,776,59,40,381,614,201,176,619,791 
283,933,808,128,429,841,620,423,242,10 
991,827,923,648,384,418,511,984,652,741 
187,662,688,48,135,279,3,710,213,180 
954,514,311,554,785,584,979,239,347,257 
421,671,455,261,25,180,735,499,132,492 
541,964,143,100,261,430,382,163,345,556 
779,897,893,851,41,190,688,751,536,999 
795,939,29,58,833,784,819,635,483,109 
82,320,895,477,858,959,988,630,220,319 
741,37,965,955,199,254,104,331,521,793 
87,77,695,569,326,569,539,567,44,946 
889,187,86,375,573,330,770,674,587,859 
677,24,970,923,522,607,894,968,927,862 
280,243,357,925,964,958,44,230,16,13 
896,411,244,98,605,831,402,472,642,217 
548,553,325,554,196,59,539,792,299,429 
610,467,506,391,829,124,134,31,771,382 
732,248,724,164,81,685,569,770,748,772 
23,968,531,149,24,369,15,681,166,754 
453,376,196,453,425,51,859,77,57,744 
294,876,931,147,867,409,60,65,63,165 
734,320,476,468,901,179,441,953,119,194 
727,345,806,725,227,914,259,97,476,205 
480,387,859,198,713,962,98,820,176,33 
491,508,389,210,342,672,510,958,806,21 
721,744,536,826,995,729,97,412,355,622 
508,846,560,655,692,494,915,473,500,259 
779,674,817,66,571,812,808,440,794,355 
769,666,351,296,536,632,311,80,812,728 
133,759,157,310,356,438,319,305,388,971 
725,417,606,768,236,277,46,532,862,473 
188,261,984,348,15,279,208,655,183,245 
22,650,861,278,445,577,489,92,494,851 
319,142,266,115,48,622,90,687,464,76 
373,126,489,624,381,767,716,431,726,956 
543,269,572,173,295,457,208,665,443,734 
814,183,530,165,694,475,123,128,502,573 
367,594,176,379,717,890,37,454,338,638 
30,690,538,283,682,638,856,363,665,732 
141,0,355,675,105,308,918,471,571,59 
203,50,390,160,756,444,107,812,628,782 
365,198,722,117,501,948,172,737,90,223 
84,701,340,541,337,945,478,759,997,979 
262,587,30,28,210,372,172,950,944,165 
470,987,81,845,313,473,372,547,494,346 
659,235,718,624,124,633,708,958,734,98 
496,145,982,227,124,485,733,401,692,988 
647,871,95,961,667,85,324,163,730,13 
43,229,790,82,242,706,161,761,864,502 
246,969,817,455,623,231,335,650,269,210 
617,682,942,494,523,284,238,700,937,390 
876,310,281,325,199,191,764,222,934,537 
585,116,465,449,599,976,567,236,636,559 
716,829,102,917,207,935,125,983,670,268 
852,182,334,928,74,504,186,240,577,160 
863,668,755,477,987,244,675,784,400,118 
199,160,16,317,176,528,38,941,555,759 
15,91,256,320,827,378,76,304,308,392 
645,292,218,135,57,877,488,143,107,388 
726,288,12,392,804,14,514,471,640,589 
247,992,405,492,329,414,608,798,745,385 
815,603,75,615,561,301,289,792,692,574 
187,215,591,775,631,164,324,779,761,46 
705,3,879,990,956,274,76,615,497,440 
759,617,857,956,919,36,824,587,757,914 
211,765,630,157,413,278,3,416,309,698 
679,42,437,858,989,892,345,395,44,388 
753,869,584,682,21,193,773,616,141,132 
298,622,122,145,88,587,300,842,486,968 
353,534,131,46,879,886,670,760,86,306 
797,171,941,969,273,865,879,901,2,813 
890,557,732,145,172,268,806,204,465,838 
339,807,614,59,118,566,556,292,15,204 
361,755,316,743,864,191,830,762,763,732 
650,585,395,233,119,639,685,411,171,580 
832,991,301,866,758,317,718,23,727,224 
330,373,557,202,812,524,736,684,91,465 
766,282,735,839,653,837,31,308,489,154 
411,127,285,473,945,533,367,872,207,11 
589,677,764,126,174,450,586,190,175,531 
475,265,98,995,648,684,60,764,752,148 
836,686,427,410,459,335,332,596,812,992 
996,217,978,528,104,637,856,545,465,266 
33,224,12,295,733,139,398,794,244,587 
198,82,714,521,359,880,231,365,568,443 
474,649,305,2,17,460,172,924,376,530 
302,627,571,969,641,39,162,158,439,519 
528,318,285,963,432,281,513,605,341,336 
322,933,83,87,939,524,623,318,795,888 
40,121,332,501,529,199,101,613,29,872 
343,47,445,952,32,75,240,8,568,829 
176,804,110,304,109,926,261,833,896,817 
136,220,406,594,479,805,311,529,142,677 
178,333,632,124,711,933,637,853,768,84 
69,821,821,580,664,77,618,946,755,136 
775,162,793,446,469,993,60,438,584,385 
606,226,629,362,241,732,65,658,94,887 
843,367,678,848,431,644,187,307,536,872 
66,514,586,668,648,152,809,442,414,620 
417,299,154,89,971,145,355,250,872,619 
105,59,589,711,302,794,171,617,637,189 
914,498,934,573,434,220,203,927,454,721 
362,76,181,484,366,934,974,463,948,99 
583,811,400,214,858,646,970,960,125,375 
889,286,357,157,889,956,910,213,844,783 
512,874,531,16,809,647,790,405,388,328 
992,113,668,431,168,204,767,610,541,741 
361,153,746,75,219,413,90,851,928,220 
816,172,820,210,85,918,761,561,78,881 
784,657,762,874,288,74,213,680,142,878 
732,549,194,756,558,96,145,335,554,599 
172,365,611,897,189,923,509,98,289,758 
938,776,398,540,830,810,210,281,731,640 
373,149,290,317,677,419,191,313,676,461 
543,635,504,419,761,972,190,394,86,134 
356,681,6,172,970,366,920,971,156,231 
990,582,591,85,411,183,397,243,322,897 
767,588,340,723,382,330,814,775,541,827 
548,96,431,374,478,393,281,780,734,995 
227,489,994,479,240,137,900,9,615,295 
971,165,454,601,990,227,538,103,245,230 
910,26,364,499,357,458,477,285,277,840 
633,437,346,546,162,486,460,797,864,295 
135,268,54,177,949,878,752,488,442,350 
372,215,435,276,842,476,803,161,833,530 
604,23,671,829,894,359,108,169,560,380 
212,163,736,637,183,417,712,641,903,365 
416,82,677,220,857,131,521,734,309,174 
476,982,425,182,403,984,75,795,259,42 
358,228,923,587,527,431,482,449,420,220 
382,591,904,104,310,194,525,428,197,317 
334,973,715,27,592,823,394,313,285,963 
42,54,212,440,641,898,968,741,355,228 
907,973,81,808,95,307,289,453,602,260 
362,157,19,204,611,485,813,464,991,764 
935,859,102,273,909,28,523,485,759,308 
565,743,603,414,501,958,281,439,771,601 
452,517,389,834,296,340,502,154,164,411 
550,518,614,542,299,606,301,364,756,14 
343,144,862,438,287,701,821,180,226,538 
785,929,279,181,834,313,416,956,473,564 
898,990,692,426,125,224,518,747,104,876 
97,659,740,116,432,837,987,684,862,343 
29,549,781,179,943,398,668,757,960,613 
856,928,593,828,893,804,569,406,665,738 
490,152,429,328,532,148,89,543,667,849 
347,329,943,143,436,425,680,606,503,803 
484,774,542,946,719,120,699,600,62,404 
945,696,88,700,524,415,225,46,283,681 
236,287,408,840,36,762,786,680,591,383 
872,965,647,921,929,150,367,552,508,467 
735,925,745,392,476,188,939,158,887,267 
667,527,400,313,450,176,47,994,850,211 
902,351,314,969,758,754,668,111,805,63 
796,304,81,909,23,824,500,564,54,688 
292,753,909,933,789,85,844,955,317,652 
298,335,427,153,113,987,613,494,50,890 
261,48,910,131,632,546,838,274,907,360 
359,729,378,164,573,719,382,598,395,879 
681,923,301,225,609,592,194,261,215,768 
441,291,468,929,430,488,871,901,737,435 
325,5,76,902,341,167,607,24,799,872 
578,295,792,364,262,187,116,578,368,405 
569,445,211,710,732,981,33,572,483,901 
702,135,158,77,721,594,987,623,727,389 
140,350,494,935,630,667,963,961,209,850 
688,854,55,809,909,438,883,352,810,322 
0,987,823,826,763,333,817,441,349,151 
577,570,849,766,465,108,807,787,462,81 
466,51,445,404,692,271,580,969,572,230 
558,934,321,710,601,215,894,561,984,504 
826,316,24,139,371,755,778,873,582,680 
68,765,589,475,92,724,821,835,722,993 
619,955,280,157,875,583,329,531,549,909 
43,386,740,545,826,43,476,825,226,562 
968,751,769,418,149,781,991,833,782,802 
756,811,364,227,380,786,226,765,793,706 
963,990,677,659,416,891,705,672,794,948 
695,340,544,612,377,604,822,701,149,151 
898,0,718,378,188,554,943,689,449,410 
606,304,356,214,874,863,522,597,523,932 
304,152,661,402,307,794,784,31,572,351 
879,923,278,184,459,116,669,556,52,454 
365,954,556,720,132,963,983,51,621,324 
562,299,626,753,15,160,581,998,394,830 
667,654,476,968,158,207,193,3,45,101 
680,510,946,914,46,776,935,351,319,850 
518,828,779,123,444,387,1,642,833,715 
795,510,535,488,853,290,5,0,371,548 
7,705,838,148,3,661,98,226,810,167 
967,536,400,832,242,950,555,50,696,597 
812,798,718,779,861,288,672,533,984,624 
724,171,263,4,130,980,93,832,491,963 
47,592,962,401,145,988,643,594,809,346 
839,516,570,514,297,745,928,154,384,422 
714,482,234,979,865,898,625,635,715,135 
60,542,956,380,781,762,867,341,762,793 
332,743,562,939,863,732,143,763,92,162 
570,863,96,715,551,906,817,359,886,12 
83,13,547,105,372,297,859,686,114,751 
891,615,631,982,6,342,398,295,483,183 
501,428,89,151,190,350,520,474,156,671 
454,131,166,951,2,102,979,841,360,714 
731,877,802,474,630,361,55,586,443,880 
418,383,55,605,930,79,344,520,577,744 
84,630,4,708,923,632,174,290,670,746 
921,872,218,900,898,212,301,197,439,834 
340,154,584,952,150,423,816,965,785,252 
766,479,751,825,252,748,612,148,323,769 
119,247,865,406,315,967,393,458,160,86 
429,219,683,546,585,509,719,967,807,4 
110,623,579,789,136,818,779,734,814,545 
717,878,164,883,229,503,489,731,665,64 
68,577,770,255,396,372,185,132,756,401 
180,472,642,485,708,340,115,878,948,318 
500,984,688,71,223,484,848,960,872,795 
871,850,299,944,276,892,421,683,564,959 
443,609,74,142,930,497,29,865,580,258 
268,425,140,736,128,598,526,213,830,211 
230,772,456,915,699,784,70,845,416,771 
390,755,399,811,830,17,706,495,90,960 
608,848,622,906,687,186,305,752,900,506 
516,174,485,433,614,256,383,302,605,87 
713,281,251,4,476,332,907,101,613,404 
886,101,625,909,999,981,612,733,415,384 
141,126,341,101,466,823,942,709,3,468 
564,212,174,33,959,661,263,934,213,374 
769,188,31,491,405,822,793,862,269,235 
285,532,822,999,374,426,616,873,52,382 
268,231,128,147,121,270,45,980,842,478 
593,449,495,458,135,367,335,797,315,402 
439,696,41,710,153,976,514,451,444,980 
779,583,20,780,12,117,998,693,3,211 
731,385,258,601,302,899,603,469,811,672 
806,868,29,33,453,315,52,621,365,659 
362,27,177,771,985,429,276,927,219,433 
715,511,716,305,437,610,32,162,456,929 
389,361,560,152,940,545,958,359,18,874 
716,871,909,963,577,415,661,752,77,854 
209,111,650,723,875,236,317,793,145,876 
24,438,817,46,477,51,688,421,65,941 
935,195,42,569,890,992,550,167,182,568 
258,117,359,778,44,293,195,204,742,137 
879,532,344,2,644,369,248,31,893,225 
16,59,319,884,972,527,485,613,886,647 
79,696,296,457,567,703,861,719,913,454 
373,166,644,23,460,151,536,904,173,314 
878,728,256,923,726,473,125,13,217,518 
163,490,661,574,546,173,582,929,41,606 
679,135,541,540,253,112,495,690,827,150 
121,552,727,62,333,842,497,350,561,773 
659,688,51,61,890,460,28,845,704,141 
508,366,218,794,515,696,917,964,695,14 
528,742,823,819,214,992,531,203,770,511 
549,661,823,103,384,372,932,216,867,53 
624,782,890,458,631,194,810,93,537,438 
103,313,923,382,500,393,885,506,69,260 
839,728,996,848,512,598,79,723,253,189 
378,369,171,705,239,64,721,349,262,207 
524,611,466,581,872,545,171,950,800,751 
33,183,363,957,555,755,251,634,236,550 
283,207,406,278,356,609,38,626,436,109 
260,371,636,359,822,519,340,99,56,604 
949,660,329,457,34,866,685,88,412,262 
259,936,329,217,194,679,864,307,213,13 
332,680,864,651,563,53,189,355,153,648 
664,265,422,788,267,950,288,843,447,5 
790,655,520,334,459,257,27,601,491,891 
790,85,278,633,788,638,181,81,540,140 
469,299,502,176,583,788,865,266,282,421 
139,101,566,128,502,4,886,306,51,86 
897,316,495,157,460,548,798,669,800,888 
232,863,523,50,534,181,926,743,785,480 
562,346,728,45,64,486,675,70,956,768 
705,532,381,946,50,354,820,564,794,214 
470,670,115,16,383,184,725,773,973,434 
693,805,486,663,167,96,951,452,249,719 
819,599,78,959,436,458,76,800,80,799 
307,988,243,350,466,291,453,457,511,211 
944,280,138,989,201,272,166,450,832,719 
670,541,469,595,409,81,785,0,441,571 
966,320,45,979,900,212,72,844,866,537 
358,131,341,398,324,348,727,74,441,879 
39,842,580,298,992,792,171,616,513,175 
925,967,961,691,957,215,213,165,659,966 
920,524,369,465,934,984,335,365,84,183 
459,548,703,402,336,547,423,970,818,271 
16,876,340,303,14,132,230,325,34,901 
414,823,581,134,145,314,623,329,910,798 
629,621,680,772,437,659,887,931,343,269 
881,842,633,586,593,433,615,543,404,8 
974,95,205,633,444,315,524,721,645,293 
375,641,844,590,285,547,404,768,139,728 
834,149,789,590,882,238,762,799,586,384 
588,428,502,264,843,512,337,711,518,642 
108,225,5,83,471,768,341,429,962,845 
217,12,78,38,921,662,404,131,794,965 
345,883,786,742,686,379,38,706,632,726 
57,690,528,225,475,247,608,181,573,591 
432,295,36,484,773,100,26,742,190,222 
460,217,666,44,104,377,297,125,152,121 
725,732,956,308,228,208,471,755,509,99 
216,468,637,690,826,507,309,43,466,619 
674,954,478,645,376,687,301,505,564,393 
894,963,804,470,480,964,965,482,779,721 
770,28,250,177,443,153,670,159,1,920 
184,567,516,684,746,110,248,824,498,619 
746,420,868,481,562,294,683,238,783,492 
716,150,785,742,704,928,591,889,588,250 
133,333,190,137,690,719,589,816,428,587 
133,593,896,570,646,490,714,321,289,871 
21,354,462,78,847,283,221,31,724,493 
751,841,902,863,72,618,758,120,171,591 
649,436,889,913,738,814,112,217,648,715 
149,650,500,687,542,332,505,705,589,17 
400,185,772,248,86,490,738,919,61,523 
616,822,908,47,99,327,491,284,86,329 
936,577,499,779,391,704,861,341,322,971 
645,3,412,123,832,75,403,827,465,661 
202,443,656,114,640,520,782,309,521,449 
532,487,734,565,896,863,83,240,842,614 
677,348,785,343,287,500,637,797,48,220 
537,432,978,180,519,7,777,988,207,73 
813,249,790,359,822,828,79,832,324,932 
160,96,841,858,852,819,139,219,112,76 
569,147,540,266,256,555,105,233,819,541 
793,918,990,799,223,980,461,779,276,789 
710,559,579,322,79,432,282,947,53,449 
621,858,522,122,200,881,466,372,457,164 
858,432,72,537,198,223,429,172,366,948 
308,135,100,902,342,191,524,962,271,41 
776,765,328,323,863,718,921,592,514,826 
413,259,731,778,457,13,778,126,138,945 
205,861,794,276,786,44,7,962,597,60 
312,947,97,1,573,157,69,340,162,171 
428,346,247,651,824,125,303,310,277,880 
51,672,974,280,683,607,774,670,944,112 
532,354,937,812,908,257,200,362,454,862 
527,799,430,727,853,784,15,398,191,328 
12,568,292,540,429,475,234,420,330,920 
471,637,191,663,589,401,172,170,956,927 
352,810,445,359,314,238,561,134,443,890 
444,631,259,451,626,827,158,856,212,47 
835,533,294,572,305,193,648,172,342,264 
31,104,6,619,743,663,676,426,552,928 
936,979,866,392,173,364,943,399,710,525 
291,29,252,497,458,850,894,11,286,475 
638,742,11,593,508,140,578,483,745,656 
502,115,274,367,478,118,583,8,87,93 
543,765,326,409,66,393,735,948,659,249 
885,42,463,544,390,805,862,899,905,456 
701,475,111,571,526,752,948,598,733,226 
616,913,967,219,470,464,561,889,921,348 
706,775,406,891,926,899,490,330,904,626 
600,145,12,176,391,500,150,660,950,402 
674,583,117,751,673,133,818,444,436,932 
636,798,145,866,151,356,679,843,532,306 
311,87,884,682,145,298,258,482,120,245 
298,296,187,635,114,506,313,918,243,275 
768,687,859,440,122,12,875,752,733,123 
176,169,446,69,985,512,113,46,107,712 
751,193,404,924,420,32,714,391,787,729 
815,96,137,685,548,428,971,602,767,524 
429,184,202,365,241,128,401,949,927,167 
880,483,791,707,383,512,872,381,67,450 
756,836,65,520,618,850,762,375,447,144 
494,274,251,885,614,552,156,499,522,776 
185,802,107,671,148,830,215,154,452,276 
39,727,270,122,302,677,536,500,632,877 
539,434,276,792,218,135,288,191,579,356 
784,770,488,923,266,944,354,624,657,453 
116,745,763,722,223,607,417,982,23,268 
603,81,905,84,862,145,887,425,340,438 
898,934,478,281,19,261,239,442,966,908 
560,861,395,985,515,14,138,343,567,84 
450,497,344,417,887,107,879,474,446,280 
389,249,477,653,808,200,108,716,255,824 
218,269,592,751,582,864,588,824,795,214 
995,492,262,765,633,175,663,337,796,262 
82,383,841,444,545,517,946,803,608,606 
175,383,396,233,70,158,81,353,256,684 
718,632,137,739,327,180,683,904,703,915 
608,841,968,955,58,498,577,98,986,574 
266,852,305,339,327,99,133,798,303,25 
555,342,848,376,166,797,744,891,786,712 
234,182,432,431,980,935,966,128,465,800 
481,558,895,796,866,327,127,887,682,348 
269,955,579,889,315,980,869,452,878,37 
114,210,948,940,527,173,105,656,135,898 
13,59,765,974,787,410,221,537,128,713 
64,459,30,211,691,418,813,608,803,342 
381,55,239,131,970,418,465,878,292,601 
650,547,921,471,625,955,442,537,40,795 
999,101,172,983,927,639,263,253,657,238 
299,774,200,477,228,48,982,541,491,830 
264,487,811,713,506,616,458,783,375,318 
646,82,398,839,529,932,316,984,738,894 
499,827,97,912,228,82,463,186,286,23 
432,713,738,670,910,830,738,994,11,72 
998,212,890,106,291,531,955,647,241,917 
345,705,439,587,258,625,581,842,139,520 
477,118,876,828,534,393,551,135,247,769 
617,273,877,688,906,358,625,117,815,347 
225,87,953,665,673,538,273,355,278,978 
139,596,927,308,124,730,976,365,338,792 
116,569,830,647,406,325,40,123,964,313 
24,892,9,29,684,347,597,476,699,589 
36,638,780,884,608,895,404,976,835,949 
866,172,757,799,673,397,462,120,138,374 
712,203,866,686,588,209,399,827,856,973 
987,280,626,561,443,970,124,457,398,936 
676,853,917,744,822,301,700,671,288,613 
706,672,122,511,162,382,128,159,102,709 
29,922,837,66,645,256,370,866,791,392 
745,88,278,546,469,393,947,240,195,785 
241,566,613,744,892,729,836,967,654,764 
861,732,432,93,398,14,793,454,190,874 
982,271,950,523,574,944,104,232,889,628 
194,200,773,10,543,329,964,349,651,117 
277,323,360,901,685,259,449,280,970,431 
531,900,756,33,875,894,848,474,280,44 
562,422,110,127,327,51,220,478,549,936 
771,637,351,425,611,845,616,201,859,772 
771,129,837,581,757,60,820,339,672,749 
410,15,572,320,59,186,716,181,280,604 
947,132,416,698,705,58,129,637,821,921 
895,311,561,501,983,969,453,555,803,312 
585,276,642,511,10,967,379,693,280,765 
78,671,10,158,287,872,518,841,552,620 
97,528,402,796,703,138,799,964,232,626 
231,569,511,132,956,686,336,80,508,405 
246,719,92,210,742,298,860,371,555,891 
546,564,159,715,534,632,794,922,440,17 
954,677,801,408,88,545,508,720,219,453 
394,429,43,318,548,522,139,525,433,616 
404,635,165,594,67,268,954,45,518,33 
93,174,952,31,215,435,558,30,638,67 
821,364,208,57,810,847,356,68,574,873 
829,826,476,501,899,458,769,833,927,665 
910,812,819,29,133,390,309,677,582,271 
182,369,108,439,474,358,513,189,262,209 
10,379,297,533,960,487,65,440,389,276 
356,456,488,958,15,250,236,997,741,355 
835,425,448,119,58,868,509,983,194,741 
255,744,467,696,971,710,68,610,763,736 
355,843,130,444,77,892,379,443,491,808 
230,175,890,55,383,505,973,949,148,552 
593,970,308,76,669,450,583,632,164,829 
181,469,920,800,343,811,924,154,604,978 
885,555,401,815,647,902,521,51,320,112 
844,733,499,113,599,696,940,343,184,951 
371,73,811,764,854,281,310,232,847,555 
638,172,615,922,68,391,917,930,760,984 
264,680,824,11,756,293,789,681,580,689 
450,447,949,693,137,865,91,489,500,823 
971,427,965,133,315,265,67,705,985,742 
577,750,807,456,493,853,880,3,714,419 
842,886,434,749,728,186,531,255,762,467 
628,581,451,328,37,249,175,332,809,139 
967,151,425,359,250,6,133,455,754,134 
889,353,681,433,211,380,190,527,549,828 
295,349,955,589,124,75,794,996,902,695 
810,16,18,296,146,775,614,861,503,590 
399,835,736,329,868,285,145,72,211,70 
450,754,94,866,916,315,378,362,151,497 
556,774,763,965,935,85,49,436,390,961 
188,733,114,973,850,581,529,304,697,110 
565,571,288,110,812,990,267,379,552,881 
522,181,421,166,919,348,786,908,234,264 
598,725,282,296,345,145,866,978,868,972 
438,177,957,35,977,444,187,836,197,354 
843,483,5,468,685,25,330,803,102,590 
872,825,2,767,749,731,677,627,206,387 
895,143,133,405,362,850,10,447,313,642 
245,331,31,213,318,329,976,348,809,733 
752,226,265,801,630,826,992,851,101,702 
704,110,535,124,393,870,62,739,967,925 
297,411,431,339,247,850,575,642,539,659 
967,967,612,425,272,20,863,346,7,963 
859,230,293,733,785,903,326,417,526,722 
428,272,447,283,600,412,792,847,221,409 
25,243,457,76,29,778,688,680,120,627 
959,111,396,57,217,757,544,715,705,913 
38,596,573,789,111,574,212,220,414,423 
276,779,389,430,530,336,976,343,943,831 
764,321,171,708,771,192,368,530,504,694 
366,314,577,645,774,207,150,480,110,582 
396,591,856,580,717,897,79,335,456,924 
735,774,553,744,951,44,349,601,198,64 
469,619,183,512,348,944,339,516,878,565 
738,711,223,155,829,647,837,145,66,350 
139,734,997,233,170,996,776,662,958,56 
527,514,211,398,986,344,483,306,600,70 
829,97,276,937,938,878,983,673,751,504 
906,608,650,608,445,915,140,433,65,947 
786,888,223,21,631,187,635,85,929,278 
984,634,742,632,225,402,379,684,386,550 
992,219,225,841,100,543,915,322,65,299 
207,17,636,926,297,85,43,998,797,699 
867,561,953,132,557,798,669,342,508,970 
257,530,181,407,875,77,555,23,715,176 
823,174,877,866,273,509,115,598,309,467 
76,631,548,998,157,439,454,807,171,687 
273,300,570,529,521,790,332,849,156,499 
577,402,24,118,16,877,12,154,552,652 
960,70,357,700,537,282,114,593,189,39 
167,155,215,973,439,6,560,614,633,512 
19,591,385,892,858,687,395,643,794,592 
139,410,704,19,795,78,558,768,210,924 
774,243,877,53,58,809,669,471,54,386 
870,871,699,385,983,353,536,534,378,514 
647,996,457,701,985,422,99,242,687,229 
650,373,214,453,770,930,422,917,737,486 
519,333,53,264,521,218,814,303,894,45 
442,101,318,506,342,729,271,251,144,778 
23,788,718,375,712,50,546,884,502,677 
501,727,112,861,484,609,280,504,404,840 
361,921,238,608,892,69,566,561,231,574 
118,44,835,722,162,520,864,902,320,721 
55,652,486,8,675,956,63,365,517,631 
203,865,75,510,194,264,757,585,165,219 
563,60,778,564,350,923,434,834,802,518 
976,821,588,423,240,51,286,600,585,641 
292,834,393,21,266,657,883,32,484,179 
703,705,609,279,511,628,205,634,922,306 
730,340,775,202,842,993,671,13,796,772 
686,167,752,510,584,306,649,68,869,780 
190,958,16,880,444,396,458,938,244,203 
629,460,764,181,480,494,85,527,54,90 
689,572,475,341,447,550,997,122,564,860 
618,969,511,312,412,684,680,951,566,497 
494,995,497,276,405,854,223,556,273,844 
779,238,529,827,347,263,74,63,668,114 
543,846,897,553,410,690,295,848,346,621 
927,550,513,134,520,869,720,753,113,8 
25,709,353,148,665,759,827,135,984,764 
297,614,966,404,219,706,420,578,780,850 
300,184,50,772,774,999,808,516,513,884 
521,63,298,822,443,986,43,59,790,187 
515,218,16,529,446,524,142,48,25,244 
905,220,660,413,890,151,140,259,843,325 
556,425,708,500,447,658,647,210,357,43 
992,190,32,877,148,776,705,296,21,749 
164,435,712,227,181,409,340,11,141,541 
334,716,285,150,829,763,413,901,527,848 
226,387,94,685,746,784,707,392,317,470 
789,447,66,100,398,731,522,782,659,652 
269,458,453,196,432,677,633,145,760,132 
680,818,894,695,3,786,286,783,544,242 
213,160,905,729,142,754,519,647,66,66 
531,967,626,453,236,131,418,44,538,977 
539,866,886,858,261,19,884,771,168,815 
334,661,885,28,790,728,326,282,959,996 
86,911,305,263,510,875,615,731,269,293 
703,839,899,924,765,573,891,547,596,948 
195,348,178,732,361,93,263,638,59,215 
74,502,171,795,392,529,486,351,146,408 
359,30,170,439,276,430,337,327,596,667 
872,119,652,137,201,498,629,182,577,993 
492,910,780,425,718,640,781,311,37,94 
537,632,667,754,7,438,218,323,678,244 
53,311,498,226,759,250,229,180,22,317 
750,269,451,202,577,57,481,948,947,759 
288,211,112,326,509,917,178,239,960,560 
832,119,289,27,425,816,399,349,491,606 
215,21,741,780,549,200,813,281,450,489 
358,205,723,299,186,13,385,130,400,910 
818,360,874,438,204,515,574,214,1,171 
263,243,75,570,135,676,958,20,531,318 
420,85,603,203,617,338,861,786,868,671 
732,239,94,720,362,483,610,467,695,462 
857,170,237,729,184,167,162,512,849,193 
321,364,59,315,461,895,767,810,539,440 
328,487,803,751,326,99,562,483,63,351 
640,502,538,814,81,306,850,522,522,332 
731,723,633,527,212,718,673,156,336,354 
217,493,115,982,232,433,230,726,904,329 
456,796,12,697,457,570,366,931,35,478 
810,925,983,575,513,954,985,748,282,494 
594,588,683,67,144,768,168,553,284,596 
446,979,399,788,727,316,817,27,746,47 
304,751,726,174,290,697,35,259,784,688 
157,850,175,813,949,367,843,488,726,540 
874,514,145,595,130,12,238,938,952,285 
200,212,622,241,155,459,976,180,916,76 
940,142,197,27,771,776,187,261,848,316 
654,709,156,235,269,502,388,593,76,351 
272,834,715,388,296,280,972,281,588,308 
592,681,361,674,254,141,811,249,305,97 
996,167,197,296,887,764,662,399,985,493 
173,671,733,417,560,908,410,456,501,99 
684,94,131,800,595,127,149,461,267,85 
971,94,545,181,422,449,255,992,624,276 
533,565,926,823,380,196,228,584,584,373 
739,637,153,534,657,188,318,451,861,926 
935,320,981,618,277,738,454,61,224,844 
63,583,972,142,851,666,289,191,561,244 
166,451,705,643,866,927,85,40,422,385 
890,692,306,573,962,559,411,922,280,967 
805,4,487,813,851,794,334,596,0,159 
372,531,921,606,396,42,33,862,613,417 
528,821,961,947,209,33,592,953,583,282 
648,339,211,667,99,690,108,231,869,145 
700,24,833,850,275,394,143,21,355,94 
204,434,855,323,894,48,448,439,737,230 
109,36,299,38,158,413,497,354,965,7 
140,702,842,37,4,797,586,779,815,456 
243,852,381,825,574,503,59,334,98,356 
411,520,417,765,580,915,345,751,875,568 
257,728,942,822,565,450,136,88,553,733 
663,87,654,555,302,264,652,429,766,449 
860,35,648,252,543,529,400,318,625,597 
263,273,228,4,903,830,91,844,523,454 
596,572,771,975,408,624,777,180,922,129 
875,101,65,329,309,326,204,132,210,899 
809,554,487,345,418,721,276,544,85,967 
712,149,143,125,856,411,932,279,171,809 
477,775,285,87,686,138,342,938,691,634 
30,735,519,651,816,516,176,537,752,538 
946,654,322,823,470,874,849,648,327,75 
600,843,418,316,64,642,815,497,375,971 
232,360,561,285,500,411,814,446,281,514 
888,503,52,894,823,201,862,160,650,544 
149,912,948,733,555,490,689,2,31,426 
68,815,935,152,870,665,159,791,93,362 
824,863,495,164,120,98,201,238,913,668 
960,33,329,355,763,661,118,534,739,108 
780,490,89,208,84,719,226,168,554,394 
521,37,35,580,753,411,809,631,877,964 
861,360,111,94,168,256,281,85,366,732 
891,755,559,933,665,755,427,930,856,797 
442,257,622,91,413,148,587,450,260,192 
175,621,405,129,17,196,534,802,554,553 
79,600,716,539,775,230,298,171,817,307 
149,532,306,319,783,632,810,773,704,885 
477,50,443,382,149,188,741,710,414,813 
761,391,13,103,890,8,710,753,342,902 
841,552,540,129,671,241,418,927,415,146 
69,446,808,184,13,363,650,395,36,32 
565,702,700,289,357,131,450,903,609,203 
923,414,455,835,433,593,53,482,465,949 
254,223,757,91,272,631,9,967,726,108 
516,678,511,849,677,484,969,89,807,491 
11,264,899,920,903,122,49,423,600,319 
850,766,509,240,468,199,761,91,35,424 
159,129,337,84,991,289,938,244,919,854 
814,808,729,323,867,311,749,335,471,407 
19,604,207,750,495,257,423,903,313,623 
303,56,335,72,365,87,354,707,621,829 
154,892,882,347,119,657,623,97,85,536 
623,966,787,147,117,817,416,126,801,181 
898,367,768,44,764,819,711,458,915,386 
715,410,766,537,911,71,544,733,843,272 
204,423,222,446,699,571,944,818,604,522 
919,127,825,704,988,623,777,512,376,954 
688,339,304,521,447,103,570,216,769,388 
43,417,852,850,935,141,760,478,828,982 
639,35,652,809,769,678,813,719,323,522 
798,698,595,577,936,924,778,476,974,842 
190,305,699,616,899,476,55,975,6,265 
765,321,326,797,4,893,7,268,864,366 
76,300,397,502,944,857,751,383,465,354 
128,874,882,481,295,897,228,560,321,78 
960,31,359,31,531,762,756,689,743,630 
433,977,161,276,191,634,148,622,729,488 
658,839,411,707,842,47,826,311,747,772 
18,96,787,236,198,619,716,111,663,888 
116,369,980,636,671,213,67,170,643,181 
289,145,24,230,180,433,42,504,50,71 
924,259,165,801,371,221,662,915,916,832 
794,23,123,537,245,938,905,26,578,739 
705,914,773,600,143,498,413,393,549,592 
369,677,140,552,742,715,91,246,650,801 
695,257,64,328,511,721,360,809,115,361 
354,664,465,768,511,766,203,977,69,750 
776,402,117,157,621,33,250,236,176,914 
40,649,569,414,206,969,830,806,929,267 
449,565,615,38,584,251,893,682,288,142 
941,284,15,130,640,947,677,873,244,55 
158,118,466,313,567,275,175,373,914,819 
996,933,679,890,4,191,65,784,849,383 
43,892,68,855,101,885,727,474,31,244 
728,248,440,789,485,219,667,485,511,225 
175,989,797,202,554,980,357,97,969,531 
856,784,95,113,155,252,15,615,966,143 
47,894,707,796,675,508,301,973,99,134 
491,216,923,519,639,328,989,583,543,336 
732,311,951,458,207,672,440,542,145,851 
721,22,705,859,945,878,419,751,630,225 
146,739,598,214,128,998,271,281,347,663 
605,62,974,104,144,945,617,221,870,161 
302,926,932,523,874,967,997,10,427,584 
892,827,52,209,772,79,746,582,674,58 
746,624,963,713,322,339,432,312,728,916 
826,913,755,595,419,785,164,998,931,140 
824,822,259,17,325,586,514,896,614,217 
42,303,149,990,102,412,668,476,626,717 
825,696,463,707,547,894,938,165,717,284 
431,233,430,211,959,933,249,915,411,372 
304,830,844,300,193,141,905,187,34,502 
188,394,142,543,890,794,596,997,460,723 
936,797,998,388,960,139,380,820,93,641 
932,727,908,711,364,876,744,561,705,227 
86,894,49,356,421,476,558,802,663,649 
727,351,857,549,12,225,515,563,261,98 
228,422,880,565,77,760,782,804,304,790 
105,831,989,895,860,575,296,939,767,216 
987,321,613,13,100,72,412,101,106,967 
264,635,297,840,820,939,752,342,630,96 
675,240,870,827,778,982,643,166,637,984 
754,703,738,166,124,328,765,154,74,459 
827,138,159,482,778,217,275,228,328,581 
24,276,479,363,107,372,714,926,320,359 
71,783,650,243,121,519,494,861,320,63 
914,607,591,864,696,348,514,519,25,733 
626,624,552,140,751,627,588,748,937,636 
489,164,586,236,83,697,11,30,624,752 
306,620,689,813,285,375,901,813,830,885 
291,320,242,700,361,363,567,661,238,442 
194,428,776,594,955,668,298,227,838,151 
734,461,454,571,763,346,183,472,539,1 
616,534,124,731,52,900,961,542,164,331 
644,967,426,297,490,356,764,857,619,815 
395,215,68,743,792,297,739,481,314,417 
118,164,54,200,705,753,507,885,626,617 
24,570,794,32,645,567,915,616,51,216 
208,625,497,329,990,795,348,227,189,286 
506,966,754,369,602,630,181,295,620,74 
409,783,817,207,485,50,78,371,671,176 
283,301,104,755,682,322,295,389,654,635 
654,894,74,746,475,341,978,731,300,567 
386,224,571,254,410,60,193,625,34,81 
890,377,720,764,244,315,339,702,933,9 
442,454,553,492,494,554,141,868,401,381 
771,447,122,618,794,40,567,398,544,447 
605,516,567,823,310,698,442,356,127,536 
403,35,381,409,850,100,660,762,43,898 
124,111,285,963,424,461,531,586,428,138 
625,818,274,528,748,709,353,361,630,243 
995,165,324,38,930,214,630,418,934,164 
235,610,581,981,863,773,871,124,890,832 
781,866,45,277,718,994,459,41,14,950 
690,643,483,88,574,311,956,459,240,811 
921,999,480,233,234,162,156,891,989,244 
483,365,302,964,442,340,621,182,426,445 
711,566,165,672,98,485,939,210,938,490 
293,714,200,821,525,371,917,820,424,816 
539,192,337,119,52,898,148,684,866,543 
531,582,826,699,480,590,869,282,400,787 
621,745,64,67,776,778,167,132,588,942 
472,377,912,821,714,688,178,42,933,800 
98,514,411,391,410,978,873,537,784,488 
465,942,514,562,270,634,621,43,522,176 
930,284,367,96,654,47,816,957,932,54 
820,508,121,386,631,46,323,896,836,230 
519,430,650,990,541,963,354,348,859,764 
683,450,707,98,250,635,449,761,577,401 
486,804,826,108,610,20,913,981,377,567 
971,232,477,797,551,920,579,910,408,372 
581,456,100,551,627,972,388,390,431,711 
95,178,468,967,565,461,850,35,550,985 
905,701,717,948,174,868,60,824,47,73 
997,711,7,211,298,419,895,678,617,51 
746,286,928,2,706,218,649,226,596,660 
698,422,277,21,115,540,104,844,229,681 
493,719,148,535,167,418,496,474,978,908 
86,568,814,746,734,870,117,347,120,975 
373,834,312,455,555,826,475,462,421,956 
573,361,121,683,137,538,439,169,28,511 
767,722,326,584,673,766,294,810,320,13 
409,57,377,26,382,114,438,194,657,134 
521,790,786,450,127,955,313,115,451,995 
721,152,308,589,574,56,61,191,12,177 
750,19,357,498,516,120,687,1,994,255 
352,894,442,566,662,897,812,218,896,391 
9,605,610,863,860,895,937,922,118,520 
252,633,741,51,370,553,169,551,150,793 
43,639,68,92,146,761,367,2,610,644 
168,441,555,170,733,256,68,477,883,140 
898,534,50,660,449,752,748,223,733,107 
833,790,613,117,866,627,285,667,743,808 
551,69,703,581,965,615,76,425,446,843 
153,713,299,188,65,527,396,30,614,250 
363,145,514,307,997,932,909,576,904,895 
19,89,574,176,625,855,157,695,780,660 
400,709,231,254,469,887,967,622,627,409 
852,909,432,117,454,957,453,874,601,141 
799,873,263,135,387,475,201,659,333,839 
850,455,612,416,831,486,925,954,238,284 
475,437,987,492,16,698,209,584,235,26 
947,760,342,342,767,607,722,57,827,958 
681,18,296,363,968,526,63,517,487,962 
828,534,711,310,254,27,743,988,215,328 
666,376,551,108,960,322,703,612,183,726 
692,708,135,493,499,135,199,140,195,111 
287,202,275,368,891,608,785,791,248,369 
132,697,358,696,783,94,450,600,187,956 
551,94,535,815,393,419,111,942,469,151 
502,785,592,535,272,302,731,615,873,467 
600,426,660,230,963,574,185,753,688,989 
431,377,973,749,273,941,11,201,415,707 
111,265,260,902,647,213,408,116,211,327 
641,580,314,373,355,892,526,774,849,1 
597,636,598,440,149,503,533,553,994,299 
881,707,223,400,394,74,384,543,989,157 
119,748,22,500,635,998,268,687,905,748 
978,714,462,978,286,229,978,784,703,639 
210,316,928,506,667,766,283,489,798,177 
292,662,28,2,563,745,831,456,645,187 
266,420,968,17,774,986,225,987,35,741 
836,860,903,656,775,980,566,625,100,80 
902,720,169,691,301,605,301,718,441,248 
145,876,580,938,240,177,794,537,500,808 
201,912,63,874,436,516,916,860,148,563 
8,210,931,888,95,264,182,737,759,800 
614,34,603,573,491,826,69,670,814,114 
452,782,137,430,925,704,726,740,17,663 
913,906,667,76,538,228,100,985,83,322 
477,66,394,520,840,619,955,512,524,724 
78,706,163,34,560,139,857,207,961,251 
395,361,673,0,234,400,127,929,75,345 
488,685,500,0,376,9,652,434,481,368 
568,384,757,36,566,215,457,667,831,653 
304,54,862,862,328,875,32,660,990,706 
911,517,593,436,799,950,981,7,683,430 
495,310,637,589,936,157,17,403,952,107 
380,997,944,920,310,345,811,534,649,603 
882,723,541,697,547,292,714,985,557,38 
353,226,75,726,664,239,538,801,488,936 
217,717,844,123,68,238,207,112,413,268 
482,482,640,834,226,713,848,234,162,564 
155,283,258,587,631,740,164,571,136,723 
638,11,976,702,465,867,833,435,885,877 
42,795,167,395,587,312,560,296,702,536 
731,75,732,58,274,829,777,325,253,404 
534,231,337,624,409,547,417,818,963,788 
36,229,46,686,571,404,96,508,732,971 
696,147,135,2,132,886,77,892,797,451 
656,222,584,410,876,266,57,590,264,547 
750,636,0,699,485,401,634,825,531,632 
90,438,562,584,749,438,270,187,479,292 
533,219,585,13,129,344,986,919,11,757 
705,915,517,632,668,421,451,671,808,164 
991,872,718,853,25,169,358,522,975,726 
475,624,590,193,739,590,293,812,441,793 
754,706,760,508,652,563,70,861,597,486 
586,947,441,297,212,27,783,556,0,746 
323,379,463,653,301,10,402,428,378,211 
803,373,756,770,642,860,993,450,272,904 
413,185,460,361,45,374,168,230,826,123 
447,779,221,845,405,767,821,784,658,523 
858,128,525,967,5,498,898,983,774,457 
431,786,665,396,193,499,126,876,37,424 
876,364,45,392,546,793,874,682,306,257 
185,288,402,496,435,498,535,461,708,143 
344,187,640,543,516,619,357,827,746,271 
417,886,579,905,457,613,526,890,562,201 
848,327,328,942,413,510,921,643,959,6 
805,722,90,204,565,610,978,986,236,255 
786,738,814,372,410,704,572,150,676,325 
33,705,435,920,357,353,576,255,563,543 
338,403,432,971,777,657,467,936,240,93 
107,963,829,209,370,605,789,283,964,816 
929,805,707,46,559,406,699,669,407,966 
757,927,403,630,42,190,985,462,190,893 
960,600,718,881,773,849,71,22,345,256 
349,278,720,103,956,876,17,895,703,919 
101,240,379,178,70,621,974,400,237,718 
65,293,616,535,200,463,838,206,738,243 
248,962,169,276,567,430,560,679,132,485 
924,826,855,472,848,258,655,331,169,908 
602,981,18,75,347,438,181,816,134,155 
23,928,704,261,959,703,7,247,219,938 
747,982,750,594,369,467,346,229,730,132 
566,950,500,49,468,636,204,969,386,889 
487,53,786,233,44,148,632,442,167,718 
944,954,828,277,906,484,934,700,203,469 
332,219,297,59,926,203,786,716,554,708 
730,836,549,143,767,241,88,949,282,889 
257,486,101,907,883,597,419,835,299,160 
561,646,103,750,807,909,477,610,554,151 
630,12,145,919,573,174,930,941,0,851 
961,176,586,803,620,697,290,612,990,939 
355,659,254,694,257,936,595,954,13,55 
662,73,437,171,124,933,995,157,751,289 
872,778,240,612,453,34,867,959,454,861 
822,896,884,440,799,119,5,221,634,366 
137,193,332,621,620,926,62,635,339,153 
769,1,805,326,75,696,720,47,436,43 
564,283,392,191,488,892,832,494,455,769 
71,579,246,777,214,808,965,169,140,940 
856,381,438,600,193,851,967,240,388,797 
844,47,823,836,438,251,755,34,829,759 
499,88,254,447,280,702,353,542,422,761 
353,412,151,118,456,436,34,85,663,65 
328,336,799,808,51,147,247,392,907,702 
578,758,941,150,380,581,394,842,697,507 
970,648,674,935,412,975,69,895,27,624 
975,93,358,422,473,609,828,500,93,546 
257,493,747,294,378,759,420,770,985,529 
410,147,430,171,418,970,626,445,959,757 
400,224,324,491,67,896,950,712,582,83 
332,446,692,419,91,180,429,359,250,176 
337,600,735,505,996,247,333,400,534,292 
979,636,534,745,97,140,938,916,969,255 
165,748,952,127,726,435,464,580,497,850 
947,557,917,362,366,578,953,622,304,445 
251,263,901,790,895,663,147,702,80,710 
904,515,726,627,230,282,396,794,813,402 
404,84,523,373,650,788,546,522,762,14 
70,37,591,482,1,905,185,342,285,884 
449,881,438,56,956,484,681,593,386,987 
221,562,82,17,165,562,892,386,198,500 
82,257,267,557,627,330,891,479,30,594 
84,122,616,674,958,417,43,755,878,682 
275,499,405,15,605,653,581,106,862,239 
736,22,949,861,484,864,614,187,607,124 
764,983,915,292,906,61,766,755,55,972 
264,848,972,685,842,366,882,532,256,360 
357,264,186,98,279,108,173,563,618,776 
56,534,582,193,294,15,499,380,48,370 
620,339,316,88,80,350,702,411,270,475 
273,881,804,560,649,429,132,156,96,504 
436,373,724,703,728,845,466,102,70,342 
209,834,742,284,629,948,340,562,70,442 
12,644,588,503,840,811,833,395,769,144 
228,357,359,96,381,124,175,893,50,541 
400,741,781,303,802,107,239,490,708,572 
318,486,144,740,574,80,45,431,807,495 
984,299,122,45,33,738,761,585,85,494 
762,273,757,429,464,188,210,772,55,918 
860,512,762,365,278,215,418,176,199,509 
940,951,959,707,152,381,643,362,474,290 
200,676,959,317,952,707,326,255,844,924 
40,58,575,547,477,441,498,42,629,841 
825,404,959,805,201,899,162,215,780,537 
301,826,467,828,661,117,174,19,75,130 
723,157,215,68,9,505,341,614,488,319 
858,929,536,997,587,894,298,686,442,305 
750,750,727,566,706,472,287,110,195,664 
971,833,171,924,887,967,88,317,693,122 
717,196,885,427,199,671,356,613,470,114 
559,471,326,402,546,562,649,382,521,986 
650,758,33,186,985,469,108,992,486,883 
112,95,964,107,51,572,443,60,789,144 
873,834,714,579,951,276,259,818,68,568 
351,463,48,379,779,119,615,973,123,202 
440,392,467,3,440,737,15,38,912,688 
380,177,464,10,561,235,318,942,237,410 
687,204,478,465,145,488,659,573,419,558 
279,705,681,584,891,848,663,59,262,615 
634,56,659,917,446,702,496,770,223,92 
198,37,887,588,138,570,104,459,623,296 
327,269,637,97,662,838,154,882,621,275 
579,954,308,175,288,64,446,74,153,461 
509,547,929,664,319,230,573,936,266,320 
377,524,769,207,576,222,611,431,197,743 
228,551,931,44,946,914,477,125,574,786 
987,638,573,102,209,703,835,676,702,422 
163,890,126,29,716,982,380,669,299,206 
832,857,897,50,9,520,378,565,319,362 
738,746,447,211,195,2,324,822,919,924 
14,953,438,814,770,230,797,928,894,121 
571,768,711,501,281,463,881,642,622,147 
378,465,716,102,787,64,578,139,540,408 
135,0,307,507,200,311,761,676,718,735 
913,447,175,440,934,791,479,572,856,166 
259,120,962,167,385,114,635,583,959,580 
830,954,727,646,425,978,148,530,479,51 
405,145,706,289,242,283,641,491,535,276 
257,177,780,425,11,528,990,690,426,886 
238,290,23,392,180,113,475,490,80,323 
320,494,260,656,100,509,241,692,707,756 
933,602,600,462,286,210,184,207,270,858 
556,760,530,64,377,54,337,61,877,581 
701,324,191,635,273,106,683,15,464,760 
594,751,381,964,202,257,109,958,991,769 
693,14,557,10,280,306,409,288,833,925 
123,617,346,700,186,860,767,98,476,497 
634,699,16,384,4,317,371,774,780,658 
579,266,191,938,475,870,348,726,379,289 
682,623,370,297,881,133,899,838,290,59 
51,857,868,432,531,619,468,753,973,98 
928,241,975,150,240,754,727,418,601,165 
730,886,872,246,150,746,167,763,632,164 
39,507,66,882,938,67,813,75,523,755 
223,680,925,192,768,225,500,547,823,161 
4,174,140,763,117,574,746,54,175,91 
179,132,176,877,87,969,535,665,163,686 
412,537,146,740,702,74,107,574,208,271 
94,456,689,834,572,356,926,635,506,811 
191,529,617,160,339,917,982,96,360,590 
281,638,403,574,796,211,320,804,378,418 
15,27,801,682,875,448,645,4,224,489 
875,860,24,384,567,701,386,702,898,437 
41,621,619,488,900,982,144,400,519,321 
562,705,693,923,907,315,183,122,549,481 
582,4,488,326,721,141,207,919,987,102 
119,627,581,891,781,559,19,909,363,143 
446,246,911,39,118,4,1,631,793,508 
726,605,956,504,453,700,164,3,662,266 
802,568,794,727,993,227,427,697,933,247 
32,917,890,159,5,879,638,64,813,843 
588,211,405,405,494,57,695,786,342,550 
895,113,89,136,414,676,104,969,56,768 
85,304,252,252,982,103,840,431,257,829 
126,570,149,282,494,364,736,395,777,692 
698,364,328,761,973,698,239,902,608,659 
354,577,694,612,866,410,0,362,123,153 
964,477,213,152,543,686,374,48,478,770 
848,935,381,238,852,150,539,74,530,73 
170,82,116,952,854,103,886,891,98,461 
124,18,465,125,89,537,447,851,166,275 
13,274,599,222,619,891,326,524,821,60 
3,298,957,845,217,760,673,845,253,369 
328,28,613,981,70,898,931,10,121,948 
37,26,696,135,515,293,951,196,420,870 
929,36,292,468,43,349,206,567,121,203 
922,418,703,162,68,608,382,118,961,494 
473,558,430,488,947,141,431,624,406,512 
688,314,114,846,684,107,241,9,191,175 
763,483,290,537,779,35,371,93,437,631 
502,866,570,4,925,835,154,688,863,356 
884,585,536,210,733,366,732,659,690,811 
225,445,652,322,112,194,456,644,255,313 
599,704,191,560,129,370,797,957,81,701 
224,28,373,659,470,267,340,384,690,281 
692,407,94,589,47,780,593,10,425,833 
117,104,305,540,23,414,729,413,492,3 
884,22,749,893,652,947,351,128,28,888 
105,16,952,618,275,682,952,766,23,596 
891,725,47,973,917,545,787,335,727,225 
36,745,800,552,554,273,733,52,711,335 
10,667,886,644,429,103,275,769,531,522 
649,4,105,597,410,102,209,842,206,912 
359,905,891,747,215,671,404,318,126,875 
530,690,921,539,820,690,45,211,732,310 
932,741,672,775,304,860,226,253,400,82 
300,611,245,746,163,844,935,128,423,983 
129,412,548,822,653,621,744,917,541,418 
729,853,751,92,842,536,460,727,42,495 
22,623,106,398,324,199,833,297,715,29 
54,873,730,514,48,223,978,149,869,393 
848,575,741,122,793,129,475,203,305,801 
728,831,215,988,483,109,249,581,233,494 
695,300,317,551,166,769,108,352,52,816 
815,410,3,583,398,32,285,105,518,252 
298,831,639,771,664,405,4,890,799,744 
127,383,751,591,312,61,209,695,610,871 
232,312,987,253,290,461,806,348,222,681 
295,312,924,92,170,29,571,110,504,235 
923,890,863,992,96,899,76,31,879,469 
856,526,656,906,468,765,104,717,163,690 
226,715,531,994,690,749,166,114,726,242