778,389,56,220,699,169,31,585,715,676 
366,625,341,949,321,554,554,796,750,693 
25,128,985,437,518,199,20,451,960,170 
924,916,731,691,575,256,846,676,921,631 
792,941,117,481,884,320,937,722,843,685 
562,513,696,269,190,964,54,414,849,90 
462,682,807,44,421,684,489,377,634,904 
34,748,837,814,665,324,595,619,105,48 
630,419,819,893,370,119,717,245,50,286 
612,437,792,452,685,916,987,324,130,435 
379,715,240,934,424,51,804,373,872,512 
358,511,360,523,405,772,994,160,946,556 
292,102,777,665,633,674,26,391,185,872 
342,628,820,912,397,175,67,625,748,345 
823,908,619,794,83,416,525,210,524,317 
57,278,490,743,861,90,806,625,994,769 
43,83,842,502,417,242,638,237,620,707 
644,732,963,955,982,728,69,94,54,181 
326,442,181,965,686,103,891,884,859,717 
712,262,989,138,425,405,551,951,310,115 
238,838,313,577,161,394,561,770,144,514 
860,191,514,379,723,415,182,641,167,602 
523,242,505,386,995,280,743,735,466,929 
75,934,284,213,445,797,356,491,113,589 
618,135,451,844,476,484,967,839,581,978 
469,280,42,852,417,634,9,729,393,214 
229,349,479,864,516,988,22,571,769,514 
378,518,157,706,832,770,265,945,852,104 
214,357,674,588,237,527,60,472,515,546 
290,86,900,80,335,599,553,464,600,649 
292,141,535,671,951,670,854,595,52,573 
872,369,823,311,633,896,272,407,205,978 
805,935,342,821,140,172,759,437,574,44 
701,944,423,271,686,430,490,519,313,291 
290,326,301,899,19,307,478,297,862,592 
241,35,843,682,649,893,137,542,530,168 
65,205,491,647,393,443,441,582,732,138 
838,752,918,182,552,995,62,669,413,2 
652,549,781,223,305,505,128,138,326,834 
62,379,669,702,197,800,948,887,949,291 
248,426,96,548,405,699,45,30,67,706 
931,96,861,804,74,922,284,416,886,906 
80,603,869,210,854,139,167,24,908,925 
566,26,865,804,515,627,835,439,367,431 
768,293,459,391,862,343,879,513,926,698 
727,351,538,151,524,74,336,369,566,842 
686,683,423,789,357,291,731,27,939,503 
548,825,408,778,377,858,970,123,54,326 
908,371,127,125,1,969,759,573,198,11 
517,148,46,427,237,594,391,764,365,869 
9,511,614,131,655,638,930,166,574,716 
869,47,322,632,675,914,576,836,233,857 
294,694,240,31,55,802,12,124,515,194 
356,312,978,811,505,518,185,341,689,678 
69,814,21,383,45,60,758,951,628,238 
215,240,227,709,764,642,518,348,688,175 
477,825,684,142,858,959,203,255,930,185 
434,616,132,637,965,610,631,747,421,747 
833,665,573,320,617,21,796,223,894,261 
37,751,744,110,1,28,52,311,631,667 
54,185,417,30,911,493,776,500,45,26 
226,248,442,354,143,340,300,704,468,67 
459,89,686,48,194,340,888,238,789,942 
776,316,241,214,747,532,441,18,657,177 
804,693,179,283,691,501,129,249,864,797 
296,945,843,316,616,166,166,151,596,951 
608,738,811,256,471,430,211,656,926,960 
661,894,654,310,355,672,233,263,806,937 
601,333,197,918,207,585,263,878,336,316 
433,636,138,46,852,554,292,733,869,147 
115,10,856,789,673,715,999,962,599,233 
147,578,372,151,182,566,166,222,559,771 
84,886,452,720,462,797,182,590,932,845 
86,548,76,886,414,980,951,360,922,262 
339,122,396,214,475,468,407,188,929,165 
820,41,606,962,592,89,425,12,415,817 
723,21,569,629,660,326,738,870,350,504 
312,863,998,381,973,379,915,122,196,189 
599,76,569,180,818,291,497,0,750,63 
113,157,846,670,722,75,831,64,569,87 
784,79,605,778,966,902,218,388,248,564 
530,781,282,205,731,680,428,438,308,60 
466,99,1,56,199,846,429,954,34,526 
15,868,227,922,118,731,567,208,334,237 
766,175,692,407,110,565,70,561,729,246 
123,847,609,266,690,164,835,353,615,373 
609,917,432,79,354,268,982,934,604,65 
894,715,506,566,439,600,624,272,982,860 
851,463,92,134,398,521,994,87,166,482 
995,521,7,457,359,918,552,322,897,22 
274,691,358,56,942,86,733,260,515,114 
126,179,927,70,59,692,653,235,939,116 
197,957,733,1,761,278,66,539,115,735 
891,608,820,580,914,930,623,370,948,198 
388,903,947,908,881,302,650,870,371,446 
946,560,714,39,754,794,546,960,499,900 
198,47,137,159,799,622,221,612,730,446 
927,219,63,571,145,850,661,788,279,0 
724,605,835,173,322,779,605,216,943,723 
87,812,428,263,126,736,550,542,68,434 
921,15,867,927,471,810,92,633,568,787 
61,446,459,915,49,185,210,309,570,503 
995,130,113,871,115,274,662,407,166,696 
43,480,57,968,410,381,225,583,680,957 
260,135,761,371,596,526,882,14,332,114 
149,746,931,523,71,122,46,309,158,519 
426,8,526,850,23,510,619,466,536,648 
632,491,510,885,766,91,708,248,280,642 
278,981,971,398,403,369,755,351,169,43 
337,949,527,386,824,525,605,516,391,106 
808,295,193,142,691,408,568,964,551,247 
824,616,674,107,183,886,461,807,226,844 
288,384,3,373,424,682,391,795,185,254 
115,208,174,994,815,737,413,549,683,744 
928,549,342,876,262,359,165,983,704,2 
624,284,287,921,864,587,674,963,645,594 
237,289,68,145,870,11,446,434,33,591 
427,836,260,711,933,939,932,750,482,453 
630,334,681,227,594,929,477,18,185,35 
655,501,183,96,909,145,683,583,649,660 
124,402,725,363,326,881,634,823,842,586 
856,43,987,808,256,797,653,509,373,990 
112,84,536,832,402,568,651,515,354,10 
85,772,808,323,292,834,827,903,193,878 
547,498,813,406,740,186,570,358,988,928 
236,309,779,764,470,167,705,468,185,188 
750,464,62,612,11,469,277,517,358,61 
430,643,154,7,29,306,853,569,235,579 
331,982,743,225,927,749,563,902,274,480 
395,687,884,741,504,9,271,317,738,167 
204,326,173,129,501,744,770,626,345,360 
559,6,342,140,209,94,96,436,444,354 
880,321,197,882,408,413,103,64,474,630 
641,117,248,544,313,215,991,566,346,443 
93,661,945,629,41,365,254,882,337,61 
109,422,742,274,851,342,765,108,958,612 
383,389,166,363,55,118,32,670,867,959 
273,657,916,587,102,59,776,358,754,167 
599,772,330,862,82,496,274,194,895,669 
274,113,553,932,51,420,365,691,124,195 
95,526,57,799,931,901,458,52,959,658 
794,721,549,605,134,118,727,854,381,328 
763,782,543,83,758,50,502,717,997,756 
865,91,966,48,336,418,893,153,33,892 
394,110,625,54,128,116,438,706,585,424 
841,53,84,361,969,414,209,520,826,458 
451,294,685,337,780,160,865,326,935,545 
519,224,262,820,387,280,723,381,342,326 
876,579,280,348,527,483,843,887,869,68 
635,134,636,707,834,552,789,315,48,310 
108,186,759,930,101,35,596,795,131,891 
858,654,707,970,888,667,168,121,163,217 
808,714,22,750,348,256,813,774,213,292 
658,191,321,609,198,928,100,188,225,388 
251,764,261,975,876,274,5,43,546,301 
787,703,581,237,406,637,638,137,90,351 
631,231,106,861,137,312,24,949,975,118 
661,799,696,250,100,492,418,366,233,939 
610,500,840,7,176,225,7,153,934,298 
221,117,41,105,668,723,745,100,465,237 
675,634,261,664,5,210,532,73,217,907 
882,149,91,146,61,172,61,755,342,148 
290,255,377,638,990,581,668,654,604,161 
821,644,506,182,427,258,607,649,790,82 
421,819,107,502,362,835,752,483,312,302 
582,322,27,107,459,260,266,864,911,306 
79,514,255,822,386,341,877,738,794,41 
161,643,674,421,920,809,594,362,499,326 
844,470,291,112,687,92,783,165,778,573 
720,746,470,93,788,280,437,60,838,68 
849,79,23,993,340,738,830,715,583,357 
315,723,263,768,489,810,202,276,537,4 
688,952,523,147,436,837,216,421,728,550 
547,683,672,23,46,502,304,889,824,800 
879,247,260,508,628,440,981,756,831,665 
517,589,633,582,453,881,637,533,246,616 
232,504,103,420,428,413,400,200,464,699 
42,523,36,827,657,167,23,457,306,817 
163,573,390,284,897,306,137,239,710,563 
604,503,215,565,382,362,577,277,641,370 
697,222,441,777,658,534,503,279,509,399 
364,942,338,285,481,278,668,553,99,914 
939,33,364,141,99,881,476,602,226,754 
151,184,215,549,847,278,30,61,930,432 
168,310,423,110,743,702,378,374,958,38 
871,821,783,580,963,327,207,561,318,680 
924,386,420,766,798,389,307,622,883,42 
46,159,189,739,520,542,6,194,877,495 
956,917,138,317,455,264,69,119,574,912 
831,120,178,479,589,400,371,609,462,772 
590,554,887,814,984,994,818,250,36,102 
581,231,872,99,55,998,942,961,437,187 
950,123,83,165,657,479,254,3,392,62 
749,860,66,681,96,411,101,805,361,126 
300,157,952,33,743,763,658,428,25,963 
97,294,666,836,206,203,652,540,523,257 
2,135,589,884,228,427,311,465,232,875 
914,741,43,533,64,586,725,210,632,26 
499,370,571,419,885,226,613,632,263,811 
751,496,38,360,426,542,920,276,790,260 
493,453,64,204,853,761,833,516,527,339 
683,365,449,450,24,280,725,87,443,518 
512,384,823,59,278,510,598,86,689,519 
825,832,505,401,711,318,517,756,49,52 
391,867,706,272,502,327,203,353,565,951 
844,650,521,23,871,342,383,860,951,369 
92,50,862,553,614,466,355,744,119,236 
642,671,979,285,766,864,415,692,490,816 
713,518,781,495,558,844,19,566,118,479 
608,323,140,864,799,956,105,613,937,982 
481,827,714,744,445,389,829,865,63,199 
447,427,429,993,601,674,868,251,679,101 
685,626,445,216,925,676,897,691,735,645 
716,187,596,631,259,643,251,367,138,319 
931,114,703,900,836,260,852,863,526,880 
630,1,226,401,307,635,93,307,272,436 
882,399,0,164,902,66,537,620,39,697 
609,829,950,178,350,505,900,442,914,97 
977,503,485,844,127,337,453,433,781,178 
528,578,808,638,786,893,59,113,610,848 
783,244,718,839,429,964,839,757,48,471 
400,861,1,531,992,140,626,533,511,214 
827,459,796,905,339,479,909,233,390,120 
808,105,405,294,342,611,444,210,48,748 
692,224,441,391,713,594,779,876,982,146 
605,77,619,507,562,21,553,260,445,221 
956,667,208,109,319,314,204,67,966,409 
779,155,860,720,913,187,237,894,473,849 
758,587,44,203,729,486,132,115,588,780 
750,429,336,462,910,782,736,109,629,340 
400,437,957,876,668,3,197,148,818,756 
839,789,104,36,719,100,439,976,951,157 
458,208,101,564,471,108,318,986,299,954 
195,1,501,434,921,597,960,214,112,86 
900,600,9,341,247,242,882,227,940,533 
558,641,341,246,141,951,493,627,355,781 
30,62,884,879,577,547,749,272,381,804 
854,695,702,399,195,118,102,392,986,101 
690,8,447,26,227,794,594,546,741,422 
610,793,756,252,403,506,737,54,155,355 
557,298,347,480,709,267,905,195,523,643 
265,717,173,47,452,740,278,207,825,368 
235,832,839,531,41,376,837,261,289,213 
424,481,701,83,4,792,652,832,470,928 
825,294,838,48,290,988,746,467,12,833 
197,230,684,246,566,688,712,415,421,501 
4,686,88,951,521,563,732,881,56,796 
191,25,660,213,202,970,837,725,772,227 
328,485,706,232,19,93,746,499,535,620 
807,918,495,795,703,375,237,175,927,352 
92,210,496,178,0,557,19,151,161,892 
24,633,334,262,452,201,157,335,953,631 
721,979,639,939,381,890,248,303,797,523 
249,633,477,302,901,192,576,793,756,538 
74,958,112,215,745,0,864,550,470,313 
141,650,994,193,729,177,923,13,272,233 
494,841,327,495,326,75,97,598,786,558 
329,696,69,71,441,299,487,848,57,779 
313,919,643,840,790,394,490,284,869,265 
843,35,834,247,60,415,684,343,250,191 
697,279,542,572,662,899,359,464,275,817 
59,691,899,581,686,363,473,897,614,783 
397,474,413,680,406,945,685,685,970,884 
138,817,409,689,112,155,632,542,318,498 
345,576,410,851,407,583,676,25,223,402 
7,551,466,964,729,452,111,458,252,604 
973,559,493,479,630,879,378,337,928,548 
217,589,461,752,35,622,34,80,815,124 
532,297,739,215,134,170,717,292,975,118 
407,481,465,972,665,126,68,413,473,553 
689,705,405,766,827,590,433,42,799,566 
900,970,892,747,125,669,573,170,347,18 
44,986,745,951,785,143,529,96,703,280 
951,616,472,881,750,999,871,5,792,697 
715,267,583,558,683,660,881,331,836,887 
832,764,32,265,655,684,33,548,80,371 
803,899,50,690,888,103,888,894,285,105 
885,775,289,109,507,892,901,791,420,341 
655,732,215,213,689,504,740,121,414,999 
571,721,413,26,349,275,910,113,78,518 
289,647,363,9,982,902,142,952,382,544 
448,152,817,111,766,585,345,753,132,669 
76,596,621,240,935,194,357,334,773,673 
238,707,447,418,6,27,181,579,554,655 
923,683,588,232,758,410,343,780,174,51 
91,786,622,279,340,11,486,918,557,23 
66,356,690,793,763,263,611,9,3,696 
940,812,654,965,769,41,732,618,399,674 
506,96,326,653,656,987,954,46,990,739 
321,620,544,679,279,933,625,752,420,750 
499,642,560,786,444,162,357,358,948,499 
954,759,931,532,768,97,112,478,156,182 
507,916,749,751,244,356,664,561,677,428 
479,735,394,226,609,503,313,117,107,772 
356,674,611,48,324,611,69,204,551,506 
70,125,434,14,502,68,378,672,219,155 
187,37,544,207,876,799,964,630,578,194 
495,742,112,792,608,968,544,938,625,663 
204,444,708,929,157,900,375,577,653,319 
810,766,215,471,377,899,564,460,693,692 
713,998,829,10,907,324,27,523,773,581 
361,385,728,841,513,445,713,874,516,864 
305,124,594,214,942,574,664,575,942,965 
552,243,131,596,490,281,754,25,513,93 
510,502,520,28,658,947,858,373,11,509 
329,413,739,829,823,351,314,775,544,358 
911,85,361,864,437,960,193,618,696,427 
909,850,215,844,810,389,571,487,51,533 
109,376,371,694,767,397,828,981,672,758 
822,397,747,954,731,200,297,559,87,335 
90,69,525,110,611,96,316,879,354,857 
352,969,901,432,341,973,440,855,431,908 
357,662,501,552,645,862,251,830,685,572 
982,69,516,877,787,654,928,664,169,503 
425,805,21,558,661,992,11,798,906,897 
946,937,811,451,121,363,914,934,373,542 
491,796,492,655,313,853,524,444,209,24 
877,761,700,894,797,814,891,660,138,262 
155,485,786,295,783,569,406,561,805,831 
829,68,217,986,877,114,877,403,876,38 
450,266,4,568,696,450,581,431,841,201 
885,337,948,336,306,66,798,581,784,990 
938,507,678,293,569,835,387,506,749,729 
942,967,327,485,435,49,841,636,785,140 
165,10,8,531,4,758,192,398,130,523 
628,128,663,543,886,515,489,922,916,482 
812,916,64,699,228,114,765,232,282,663 
885,473,305,884,663,671,780,900,494,959 
169,54,829,121,525,863,247,172,547,931 
603,472,120,568,668,983,229,191,926,840 
423,136,404,794,475,146,31,770,35,524 
505,281,757,970,872,725,811,39,830,682 
309,211,284,909,698,593,623,5,190,328 
163,766,437,524,747,875,798,792,635,848 
690,730,229,593,796,460,407,538,299,802 
950,459,530,357,364,640,112,251,396,995 
331,8,719,750,800,61,238,449,909,331 
167,596,360,204,798,890,304,831,624,458 
89,846,13,211,797,605,62,771,878,289 
721,636,928,139,230,795,27,952,49,247 
966,414,192,3,887,925,79,551,151,519 
359,281,130,13,589,124,420,80,790,698 
815,289,64,924,193,94,180,330,915,777 
56,72,812,926,777,520,131,776,933,846 
356,921,814,765,849,245,195,275,922,906 
369,643,608,150,550,839,330,780,118,455 
979,252,934,306,147,214,750,728,1,547 
900,923,426,616,267,336,211,912,939,453 
915,173,553,240,412,843,263,697,16,369 
583,693,919,365,816,201,319,962,715,359 
205,360,0,744,311,65,377,926,764,444 
344,557,579,831,52,997,856,901,15,542 
997,762,331,833,5,287,34,847,707,783 
173,353,490,797,316,458,510,767,540,285 
855,451,583,414,334,372,318,624,199,113 
609,291,46,834,438,455,999,184,760,289 
917,872,31,33,884,316,117,470,339,639 
441,463,856,202,221,822,711,383,713,995 
774,177,34,83,47,942,349,954,769,739 
733,12,248,850,405,372,608,794,40,887 
337,275,699,656,908,429,435,465,308,660 
515,514,400,290,334,89,661,505,339,71 
456,819,423,163,696,72,756,445,874,771 
694,617,310,26,366,701,135,944,464,129 
104,184,343,651,322,800,113,955,10,736 
685,746,599,269,976,970,233,255,774,961 
285,275,582,952,101,173,871,162,268,182 
334,380,215,950,258,272,359,311,366,565 
948,910,653,774,363,302,253,781,431,682 
850,460,142,190,946,40,874,819,457,651 
856,261,947,820,437,963,750,509,860,523 
411,201,805,487,737,552,127,144,409,832 
606,133,745,937,680,904,880,902,313,517 
664,275,766,16,209,943,150,842,49,607 
885,95,266,52,202,200,356,27,472,992 
858,271,714,933,281,549,640,964,202,332 
30,561,824,911,275,386,629,552,551,535 
615,226,357,137,544,35,456,620,267,572 
418,978,962,743,599,421,453,332,473,144 
52,648,245,186,430,474,914,9,442,195 
242,887,706,154,856,771,960,553,41,823 
793,175,336,682,334,523,162,601,497,706 
696,622,428,613,618,365,925,498,792,631 
549,580,268,589,680,178,803,35,776,522 
603,238,834,144,839,475,458,271,877,510 
985,290,656,636,444,727,169,413,665,112 
616,441,155,352,985,62,708,887,154,683 
266,90,72,757,978,242,450,539,801,687 
421,55,274,560,966,836,361,178,774,535 
950,691,415,683,749,498,245,365,395,460 
136,848,587,213,334,46,334,522,661,413 
72,783,110,929,279,762,589,355,799,98 
621,702,745,485,737,313,450,525,196,262 
943,335,738,199,503,336,240,56,649,347 
253,92,851,299,444,399,364,66,946,805 
730,764,186,6,485,35,896,815,85,751 
619,502,926,26,939,242,209,109,929,364 
671,818,166,790,478,200,412,470,686,228 
673,814,941,522,113,236,854,464,931,889 
225,171,764,953,420,769,400,838,430,738 
207,264,980,923,931,645,909,256,488,105 
872,198,101,498,925,370,727,91,129,305 
964,411,731,502,324,193,923,561,540,911 
907,10,109,39,525,962,305,694,419,305 
269,44,46,274,930,933,718,71,278,976 
249,450,799,209,183,986,424,428,649,830 
724,256,745,81,583,438,165,418,51,197 
150,758,392,980,781,108,141,99,924,349 
291,262,218,39,578,54,768,668,570,910 
705,43,131,959,279,763,712,232,32,976 
38,982,32,971,915,100,615,74,394,879 
155,201,346,185,304,179,542,992,524,65 
392,754,535,6,902,551,136,676,590,674 
547,631,486,925,445,517,516,569,690,302 
444,479,134,109,848,438,88,731,41,417 
565,316,332,84,960,144,744,427,591,385 
12,743,489,596,821,206,539,886,733,430 
482,852,976,709,626,735,527,56,957,498 
527,734,784,145,668,385,823,376,278,64 
9,101,246,419,486,539,578,221,52,820 
492,407,281,610,97,823,27,969,453,820 
507,725,435,932,777,116,706,308,592,664 
196,83,674,780,272,83,558,727,767,285 
509,769,747,873,261,193,27,31,781,297 
308,709,223,296,178,381,643,178,436,337 
512,917,45,166,373,26,966,67,670,861 
888,164,26,859,928,135,225,952,732,218 
219,690,825,999,468,646,551,854,315,317 
820,429,354,114,589,830,896,795,588,277 
393,697,306,444,319,813,261,654,874,673 
573,524,594,585,249,343,870,212,367,651 
701,691,192,691,538,772,793,639,333,259 
974,791,635,710,129,275,847,28,856,281 
770,433,917,105,927,912,190,856,849,166 
797,407,173,678,771,96,276,159,29,29 
889,6,920,405,17,721,880,763,288,722 
468,852,639,644,510,725,819,917,278,415 
706,279,830,832,703,300,672,175,309,326 
500,228,495,865,30,321,422,982,548,865 
604,124,36,900,477,165,52,100,981,154 
380,903,980,556,309,81,158,616,5,861 
608,894,354,24,581,359,756,226,382,392 
16,401,855,791,614,972,766,393,956,722 
47,37,491,612,187,865,975,933,487,135 
213,549,561,59,605,148,701,380,254,601 
565,124,872,967,87,366,285,241,680,411 
585,970,238,25,441,651,180,985,736,778 
654,907,675,955,884,56,30,638,916,308 
616,900,168,22,898,159,358,309,493,478 
270,48,280,466,206,194,385,152,418,545 
235,410,391,578,741,660,366,90,3,920 
846,291,86,439,818,113,631,749,209,176 
474,799,405,716,733,468,587,805,566,189 
681,485,468,106,126,766,662,923,338,717 
944,880,950,805,653,141,255,546,326,877 
676,163,967,593,991,619,627,293,689,652 
126,688,581,704,640,623,726,517,666,709 
868,452,824,296,842,599,399,882,131,989 
920,434,219,963,458,807,242,984,278,242 
179,69,988,613,219,183,251,3,292,322 
341,516,441,780,232,261,692,212,865,107 
867,397,404,282,722,771,46,718,985,776 
411,5,614,707,556,327,638,397,648,611 
652,562,395,423,412,977,780,267,209,416 
703,507,34,711,196,839,644,494,311,873 
849,78,62,251,558,505,321,186,370,96 
995,787,34,167,432,448,841,798,255,30 
837,343,286,974,165,990,972,511,486,154 
345,997,69,255,378,320,598,22,745,411 
3,426,354,614,777,815,48,851,804,928 
821,226,211,237,960,561,902,816,513,4 
980,498,536,885,649,727,900,688,716,419 
935,245,558,775,398,666,166,468,351,924 
730,587,131,963,25,374,19,416,747,607 
526,19,777,459,464,557,89,929,975,782 
82,821,711,468,238,964,325,266,669,620 
801,360,974,362,20,981,385,831,905,77 
511,799,256,368,811,399,605,586,746,3 
712,624,101,201,469,477,272,685,747,265 
282,530,770,467,309,274,5,419,47,306 
840,343,239,109,123,335,908,388,387,959 
535,678,474,577,921,346,261,660,550,166 
699,453,169,106,422,904,649,46,290,259 
385,37,626,191,726,949,442,524,377,260 
815,544,564,937,154,460,201,531,139,115 
654,322,10,712,405,432,257,915,216,92 
702,311,690,339,525,99,264,467,65,611 
606,301,739,554,629,934,579,774,3,218 
475,305,195,22,244,575,371,401,495,545 
301,646,254,844,397,368,827,782,281,554 
269,863,462,938,644,904,231,697,922,44 
561,563,673,927,786,61,355,526,839,527 
253,885,636,488,165,687,351,568,570,845 
798,423,450,270,118,887,246,167,637,24 
74,920,903,432,969,267,973,732,870,233 
877,168,21,955,834,999,679,498,99,688 
820,915,594,205,419,915,139,905,29,234 
340,213,320,295,59,647,679,936,154,511 
175,644,224,791,884,784,850,855,290,522 
767,186,639,573,25,305,917,609,414,562 
526,870,558,653,496,341,624,186,368,435 
397,690,578,363,598,832,278,655,168,948 
583,675,661,100,670,6,71,535,259,349 
182,816,307,806,913,171,277,150,697,751 
278,295,760,128,484,482,985,903,472,853 
49,113,780,129,810,1,164,146,513,819 
18,564,941,838,129,894,368,364,363,782 
235,401,334,745,305,134,145,397,125,993 
196,37,752,731,725,215,530,229,7,790 
98,48,21,664,993,864,253,507,936,635 
87,656,586,548,940,772,707,391,364,375 
968,72,168,3,585,613,270,715,681,404 
266,365,894,26,849,22,172,842,393,232 
244,790,325,18,625,732,517,540,915,552 
833,870,660,882,278,188,504,284,353,0 
842,803,353,204,170,271,241,842,778,632 
259,706,440,407,720,151,77,174,131,558 
948,709,830,524,886,586,339,35,202,844 
645,729,883,828,232,126,569,729,946,639 
129,398,365,668,920,346,269,74,83,500 
755,957,610,513,20,814,666,844,316,333 
970,872,820,52,446,53,347,47,55,173 
0,323,59,457,197,986,320,461,271,528 
172,324,730,470,529,305,857,609,852,164 
572,301,348,214,938,595,239,185,613,548 
560,806,982,105,53,836,477,609,389,306 
882,14,863,641,202,516,461,945,969,543 
568,670,86,536,437,151,36,19,132,364 
356,872,49,137,296,140,971,459,659,780 
546,597,444,486,119,895,961,283,627,948 
727,261,457,687,40,337,751,578,886,416 
47,90,419,720,285,178,243,242,161,946 
297,240,844,19,998,925,191,106,57,680 
902,735,984,399,876,258,828,260,800,33 
787,510,486,15,534,527,664,148,763,301 
594,837,461,40,798,592,943,671,756,367 
472,871,563,774,871,800,189,722,280,518 
444,496,935,353,970,536,145,297,399,268 
859,155,724,152,730,880,492,112,625,0 
58,288,160,330,12,540,417,886,119,469 
823,602,621,813,895,341,290,839,136,571 
117,646,455,622,785,728,3,581,794,726 
664,452,476,43,847,247,711,78,690,828 
280,318,684,108,569,994,631,798,257,290 
848,777,926,197,637,339,470,352,886,258 
324,175,113,230,104,891,199,34,368,912 
941,837,738,562,397,377,460,620,66,751 
554,196,515,589,726,886,854,62,974,211 
894,44,463,814,263,948,856,484,158,886 
697,373,982,191,594,875,501,37,528,878 
261,518,218,41,534,917,338,69,928,763 
78,607,167,454,110,897,71,16,185,586 
183,103,560,578,674,660,892,871,680,122 
403,421,227,477,389,157,613,541,989,269 
719,141,531,104,188,356,558,153,637,512 
30,513,357,50,368,355,180,161,3,296 
154,230,256,437,545,714,214,917,524,488 
563,875,590,802,999,168,307,587,337,525 
652,742,21,766,822,394,166,691,689,443 
885,820,318,765,283,185,138,439,211,603 
376,490,800,931,26,213,30,492,487,814 
477,783,848,991,208,363,653,819,628,727 
309,412,860,686,418,106,9,230,219,689 
718,213,611,160,73,776,318,849,934,689 
580,642,30,116,286,207,756,206,126,74 
736,747,315,617,685,83,225,689,325,63 
671,44,444,582,178,429,1,783,239,532 
849,890,350,426,414,199,546,34,573,378 
317,898,125,698,40,717,731,141,159,783 
3,906,547,380,769,738,594,893,589,123 
137,368,724,259,313,627,515,581,855,324 
375,403,253,64,0,841,703,294,988,705 
360,639,591,193,891,941,952,933,5,293 
423,42,423,410,851,56,273,816,464,850 
306,881,861,222,644,279,372,979,181,519 
106,508,792,102,726,168,729,795,454,955 
616,544,877,509,261,271,362,965,378,573 
121,114,598,373,676,821,397,924,973,822 
773,52,154,449,355,663,699,589,452,554 
159,769,352,203,18,91,40,929,804,326 
224,95,835,672,928,492,904,702,588,114 
495,812,259,96,656,652,141,958,458,177 
294,829,655,618,231,721,987,374,708,669 
102,688,775,929,361,648,51,633,277,587 
405,5,335,73,549,441,95,441,475,80 
848,419,859,362,10,625,339,599,675,427 
244,798,356,854,739,887,839,704,604,754 
215,914,892,554,184,786,725,601,413,444 
967,848,56,933,865,475,235,972,854,680 
870,822,276,906,138,492,297,270,210,818 
134,409,761,974,725,36,718,139,223,949 
500,746,950,603,710,836,745,558,616,822 
326,824,760,162,849,844,163,110,43,378 
220,507,390,899,464,187,140,207,77,584 
464,353,153,501,164,732,942,148,249,813 
427,220,653,244,790,403,447,839,405,240 
990,277,412,646,671,781,152,622,726,688 
554,36,371,337,23,27,285,240,581,368 
597,149,336,328,609,863,283,327,337,153 
746,62,966,861,971,544,902,833,949,697 
181,987,720,140,829,809,860,351,710,697 
126,917,568,690,437,64,237,934,475,872 
836,452,23,165,592,918,287,565,895,508 
890,786,350,930,595,939,194,773,858,349 
713,182,445,926,511,496,956,54,916,268 
202,259,819,734,143,743,190,619,594,240 
149,370,76,292,293,852,832,150,981,33 
470,993,979,944,959,8,869,891,602,472 
12,653,645,971,507,257,816,66,925,600 
155,46,788,662,479,91,558,882,178,489 
610,344,692,128,209,125,247,671,799,535 
939,545,760,14,303,837,511,82,188,601 
338,290,987,371,273,38,175,931,678,186 
845,359,734,672,568,948,925,737,681,7 
488,399,691,54,700,50,44,421,604,29 
448,240,47,180,376,34,824,301,991,304 
271,528,973,541,213,20,45,587,884,151 
241,491,213,841,429,41,220,846,497,231 
765,718,744,948,98,515,581,352,748,550 
989,983,966,902,239,943,26,423,712,232 
219,155,60,184,25,631,655,511,107,29 
33,942,951,89,7,207,229,642,542,808 
130,567,483,562,280,211,726,297,890,278 
813,295,884,810,37,153,433,383,979,749 
879,419,816,310,422,522,802,783,142,301 
400,864,941,722,718,839,775,104,958,270 
696,773,440,932,901,871,648,411,345,875 
573,30,987,877,258,357,452,212,318,926 
927,577,694,834,346,300,730,321,312,115 
476,930,64,305,132,147,489,774,713,202 
356,296,427,382,563,470,188,981,776,205 
492,66,958,729,620,146,188,473,802,92 
688,312,867,163,72,292,583,417,51,428 
709,209,374,754,639,905,875,363,369,35 
756,383,643,238,829,338,446,557,968,910 
467,404,417,234,879,547,33,442,987,673 
593,508,447,229,164,277,750,843,615,671 
253,66,293,120,406,422,114,87,561,615 
241,573,561,918,745,653,396,134,874,953 
92,974,909,787,596,890,170,85,52,161 
67,630,805,279,294,586,936,255,168,748 
568,380,732,802,600,428,610,725,847,986 
733,212,952,190,285,388,806,707,147,830 
469,406,403,381,20,462,451,850,430,531 
858,214,719,927,404,403,972,780,842,856 
179,769,326,143,426,604,76,188,499,21 
596,924,645,949,395,823,686,594,417,620 
308,32,830,728,987,221,782,787,912,81 
436,7,100,895,898,589,981,997,150,846 
494,28,184,779,375,812,71,737,207,496 
692,900,549,601,151,407,879,417,509,997 
777,991,43,24,407,538,996,860,950,835 
158,870,4,748,619,542,8,398,324,214 
132,436,207,534,751,730,145,478,247,481 
582,327,859,18,677,46,871,772,713,846 
672,700,370,73,120,216,739,339,4,280 
628,115,560,257,975,350,500,807,847,585 
727,991,637,571,90,886,917,750,104,305 
565,600,857,874,685,354,662,132,113,948 
830,132,548,834,31,820,839,856,897,516 
871,629,636,911,501,119,753,968,798,163 
742,447,795,654,179,115,859,878,874,733 
932,510,892,183,760,746,941,480,364,239 
153,366,204,22,385,438,154,381,326,618 
910,713,254,320,895,685,635,418,744,984 
425,303,565,797,144,294,917,244,719,195 
513,793,746,143,810,310,818,568,305,466 
323,450,240,205,475,360,254,511,597,244 
480,324,365,726,595,973,631,420,861,119 
304,703,595,880,238,909,885,387,899,800 
318,434,629,747,512,323,249,892,796,960 
861,627,311,847,285,917,168,274,356,541 
557,636,37,816,702,810,10,83,969,713 
785,452,868,89,479,409,218,173,612,576 
620,606,510,636,761,412,178,705,224,656 
541,381,906,601,312,27,300,473,602,141 
586,307,247,157,784,171,335,208,618,137 
489,160,635,12,254,236,306,384,346,534 
704,587,860,297,622,369,183,444,548,538 
370,576,700,629,18,634,837,324,999,405 
603,923,299,823,372,21,447,86,238,78 
232,911,267,751,254,491,710,129,893,639 
344,297,461,814,331,468,356,925,440,407 
572,490,291,686,359,698,148,335,181,990 
969,74,176,849,702,727,535,217,943,660 
191,655,292,826,288,292,283,659,611,371 
868,50,465,125,901,670,191,332,982,588 
598,688,639,273,759,176,437,809,211,246 
339,951,928,505,869,41,431,783,864,870 
578,655,334,431,844,17,125,656,409,755 
527,370,188,56,572,686,759,599,851,383 
349,918,896,885,956,8,847,234,38,506 
591,866,502,758,769,420,127,346,248,703 
264,408,978,443,452,539,812,622,599,403 
581,639,66,925,425,138,31,122,869,632 
656,105,66,595,946,268,34,123,511,204 
528,0,641,282,292,500,546,987,324,84 
24,23,30,467,814,615,881,499,590,424 
988,201,451,280,902,347,234,724,260,609 
664,619,210,822,142,499,921,769,42,30 
974,380,944,720,522,464,717,272,158,211 
364,225,295,927,313,100,223,280,410,731 
788,282,846,316,386,189,325,456,667,966 
736,15,15,595,618,482,903,74,579,733 
418,110,629,639,515,776,63,871,690,878 
303,749,886,426,572,466,372,282,730,476 
417,583,695,722,515,972,458,321,350,405 
235,921,787,713,645,823,859,534,320,439 
625,776,868,5,949,165,984,992,756,200 
463,773,869,984,524,187,583,700,316,152 
718,373,410,664,748,928,209,700,268,142 
338,927,905,658,989,88,301,479,52,884 
254,596,826,292,91,836,811,759,781,366 
197,548,488,462,604,190,25,830,28,675 
673,860,855,739,655,33,94,602,363,44 
268,690,887,593,726,800,8,537,87,80 
98,518,808,816,723,627,445,847,397,359 
338,896,407,340,44,175,645,672,692,966 
123,367,862,612,313,411,64,83,128,489 
790,324,51,841,962,561,161,762,592,503 
774,319,48,206,169,466,997,655,561,636 
426,409,976,566,212,679,81,615,387,450 
262,618,802,814,746,730,797,35,254,190 
458,467,367,875,65,835,252,858,597,799 
613,960,532,679,223,323,499,216,148,136 
515,592,895,86,928,418,381,190,335,786 
879,834,367,901,68,367,969,752,211,752 
474,412,671,168,279,75,283,788,719,554 
956,571,140,442,190,546,187,348,286,888 
556,817,215,475,643,947,817,198,164,436 
499,528,262,841,849,561,158,258,809,819 
468,529,679,883,98,508,832,946,577,952 
523,661,806,620,195,565,730,632,506,988 
207,57,600,909,670,426,41,974,653,543 
572,357,685,865,423,988,562,625,80,682 
580,507,615,400,443,553,639,133,295,768 
75,686,781,891,773,701,21,267,481,612 
816,400,953,846,280,862,714,27,959,414 
843,326,865,648,885,573,742,250,550,5 
311,600,480,759,498,992,598,250,601,248 
847,294,68,782,499,426,527,452,770,107 
702,743,204,274,252,210,291,481,43,572 
748,657,470,306,149,587,699,834,72,505 
660,677,630,0,452,248,735,293,606,672 
61,681,401,543,304,322,569,599,332,199 
631,586,310,551,632,668,438,991,555,469 
671,391,99,71,801,551,412,736,744,11 
659,444,469,392,358,635,578,698,907,322 
683,907,213,545,696,274,848,9,559,254 
750,119,502,14,346,961,166,398,841,963 
651,696,400,838,976,316,849,255,687,317 
175,704,558,850,529,845,741,526,124,580 
876,637,704,154,482,883,260,846,128,610 
534,469,875,967,667,225,544,26,260,942 
691,721,921,707,968,88,632,217,338,726 
510,356,137,31,614,522,486,210,591,876 
259,446,215,865,933,494,574,265,635,821 
141,373,97,360,877,697,125,231,884,666 
514,888,715,610,482,400,259,381,751,390 
157,263,746,294,24,812,421,935,789,555 
332,306,815,664,789,623,71,548,800,102 
675,340,258,38,326,27,220,533,699,645 
80,333,771,777,659,495,926,529,782,255 
942,281,871,892,727,322,956,970,642,106 
711,702,105,330,557,981,325,836,545,353 
202,806,190,146,109,39,425,469,932,517 
260,843,619,9,191,368,703,448,194,989 
595,286,381,189,256,873,16,130,266,575 
270,9,469,429,252,432,150,478,608,82 
838,868,805,757,729,62,410,913,541,453 
426,620,606,821,158,510,150,477,38,375 
922,322,88,224,623,798,479,189,923,433 
196,28,73,785,226,618,820,684,91,587 
916,679,648,651,991,409,414,910,110,393 
292,753,256,824,361,907,501,949,482,123 
872,340,705,439,872,938,833,86,392,559 
494,987,209,360,322,142,505,807,361,824 
685,314,742,780,546,277,342,597,169,557 
322,759,233,299,275,454,567,888,614,221 
296,51,327,652,63,772,105,897,65,564 
291,217,461,524,15,523,314,14,212,298 
633,451,163,21,570,426,342,437,922,546 
188,546,889,748,530,826,506,856,891,735 
595,507,784,492,844,866,171,476,949,589 
357,615,416,387,600,305,670,533,950,737 
270,282,312,179,679,487,451,378,46,312 
716,702,147,824,876,141,134,817,623,738 
879,320,551,919,795,856,613,975,474,353 
991,93,526,589,557,179,742,327,998,664 
88,640,375,720,261,135,475,897,157,836 
455,296,332,330,700,62,93,287,7,755 
378,497,733,349,950,998,136,445,729,360 
407,606,83,707,329,707,316,676,866,283 
799,656,134,44,175,639,922,881,90,739 
770,25,850,977,221,110,602,482,196,598 
70,598,874,370,427,38,550,201,405,900 
459,544,191,201,976,576,805,411,539,244 
678,49,329,645,606,741,73,644,727,229 
782,107,55,381,339,544,908,148,8,271 
84,761,395,323,506,315,114,209,74,762 
573,482,742,357,969,458,689,65,454,25 
296,26,986,990,177,937,654,83,307,842 
462,641,293,17,278,849,298,193,752,19 
66,505,226,479,693,731,493,622,744,905 
680,403,777,950,690,124,519,167,495,487 
379,556,114,979,507,391,928,444,101,384 
629,674,521,450,792,31,7,638,809,891 
559,106,108,630,247,253,693,769,471,393 
362,905,48,182,448,817,707,215,102,731 
383,307,830,770,978,227,90,919,232,163 
187,47,153,566,12,69,5,682,469,809 
547,413,563,284,391,603,829,871,337,53 
282,911,994,712,390,311,570,431,620,603 
645,549,116,556,420,619,581,828,311,522 
262,48,408,142,695,765,419,584,749,160 
969,926,202,638,932,224,306,453,717,642 
305,517,729,9,923,911,322,364,124,408 
626,529,581,385,762,336,456,639,360,480 
827,66,959,164,856,372,992,842,229,632 
47,536,7,924,952,859,626,852,760,269 
867,588,840,250,958,530,460,264,555,422 
34,376,699,535,270,501,881,372,795,288 
788,363,939,861,513,313,607,454,477,375 
106,914,383,565,495,114,356,54,652,968 
709,399,374,156,731,229,475,100,962,314 
943,239,19,76,110,46,3,2,761,271 
825,164,883,464,365,382,691,13,68,392 
68,262,320,965,799,759,60,462,922,341 
781,819,498,250,236,797,932,78,401,227 
274,970,649,862,881,577,447,963,630,614 
737,317,497,772,905,629,737,614,788,959 
303,604,288,730,399,254,318,155,625,480 
791,254,350,419,354,531,462,699,315,201 
678,914,576,762,78,664,605,50,129,549 
551,12,758,285,629,715,147,223,363,11 
777,690,16,874,842,293,8,70,199,137 
740,475,118,996,116,873,801,117,438,720 
650,935,160,81,194,221,810,211,433,768 
527,807,959,880,50,488,217,876,486,642 
407,167,493,230,3,218,394,719,340,480 
946,52,216,665,244,506,200,159,370,854 
917,599,535,964,616,52,8,238,815,662 
528,124,412,337,12,501,647,934,373,112 
396,771,515,753,687,711,230,27,356,766 
672,86,771,685,655,414,584,419,415,320 
457,925,291,681,600,332,819,684,992,76 
506,248,909,268,503,540,724,53,923,992 
953,744,90,961,424,233,706,216,587,290 
817,201,410,565,219,235,560,146,704,608 
650,625,772,594,698,437,96,24,138,950 
367,724,949,528,923,579,495,693,293,984 
236,460,59,573,118,628,595,551,472,417 
118,900,887,41,672,172,761,660,508,362 
637,990,708,413,490,99,974,495,748,837 
195,849,377,413,201,145,881,916,232,25 
116,116,513,197,357,832,881,617,44,484 
318,820,770,18,945,269,973,323,569,937 
291,751,561,646,452,449,39,928,408,345 
725,85,727,399,308,166,815,729,508,524 
232,425,793,829,372,542,480,210,562,54 
463,582,681,933,386,477,513,604,737,662 
22,913,311,543,694,766,37,259,474,465 
589,155,713,8,11,998,343,670,693,46 
348,870,900,953,329,859,906,352,198,682 
947,792,519,821,529,202,341,77,991,521 
808,43,255,952,850,51,415,333,799,341 
437,366,921,761,620,751,111,415,335,997 
509,672,986,873,199,988,80,532,736,177 
174,108,943,556,550,720,88,328,601,62 
441,864,596,110,627,266,955,675,688,723 
931,550,292,89,776,422,603,760,711,296 
106,188,462,470,490,368,328,671,655,633 
708,708,592,211,701,834,247,854,469,289 
615,795,50,128,29,649,810,418,198,958 
371,969,576,196,883,477,558,323,734,425 
563,580,446,323,920,265,949,838,192,943 
614,454,112,101,657,767,92,164,453,378 
885,18,967,452,158,652,177,901,326,672 
430,346,504,692,442,368,717,831,583,758 
396,330,594,853,848,483,571,335,95,470 
611,897,914,383,872,398,656,96,756,673 
198,547,692,958,521,686,212,158,212,241 
848,838,853,964,413,667,505,945,829,291 
448,931,881,355,403,834,146,481,994,860 
776,325,186,522,763,809,507,180,936,498 
200,74,419,665,560,544,891,355,73,548 
371,841,436,864,580,37,779,598,448,698 
231,365,313,438,559,583,872,175,714,524 
146,934,246,183,124,477,161,402,696,753 
916,872,8,44,679,351,542,930,303,441 
318,549,228,45,243,31,312,255,662,931 
978,176,94,609,904,659,73,980,931,446 
400,634,28,537,608,375,277,982,405,662 
690,845,553,598,589,298,98,444,681,557 
122,251,423,318,864,205,924,683,900,508 
236,920,551,409,911,826,448,136,529,456 
763,102,104,990,949,328,734,447,50,386 
110,630,391,649,876,313,108,14,61,851 
185,927,742,157,177,931,272,0,708,65 
96,577,702,574,141,529,381,561,587,744 
40,117,740,494,826,450,358,342,750,696 
224,679,341,178,502,919,898,99,924,430 
319,751,734,581,201,328,54,986,901,572 
519,857,678,223,54,472,607,419,985,703 
850,800,231,346,851,273,751,444,359,85 
229,890,846,302,7,569,487,154,390,181 
99,180,855,983,481,759,753,49,881,750 
945,121,28,386,201,857,800,32,743,887 
842,718,561,718,996,51,799,383,230,184 
41,165,136,727,95,260,101,614,431,389 
508,176,241,537,808,888,655,847,752,763 
408,4,448,425,659,270,942,871,929,117 
193,77,59,830,874,535,699,998,663,202 
838,399,61,485,806,26,931,17,854,809 
102,438,719,183,990,635,832,767,975,57 
34,838,195,165,65,974,77,985,534,200 
25,374,881,348,943,800,676,488,63,422 
91,315,950,572,568,525,910,143,635,421 
324,228,790,590,314,973,830,199,237,409 
181,422,577,351,213,264,416,39,407,239 
593,293,369,784,37,27,230,512,277,881 
520,851,120,500,513,785,89,640,566,222 
596,75,308,4,305,480,677,518,385,957 
275,779,877,298,293,182,199,381,831,438 
392,414,427,783,600,156,990,108,788,75 
222,198,625,883,551,94,270,470,221,915 
512,781,179,169,104,575,746,254,591,232 
317,770,761,666,585,546,863,522,986,809 
918,361,185,324,206,781,818,160,597,636 
321,723,153,789,388,819,316,195,668,423 
265,598,677,160,270,543,309,291,738,928 
961,518,333,950,51,996,927,965,392,423 
288,382,37,617,303,871,930,359,815,247 
271,787,555,308,259,156,673,91,419,812 
628,940,311,494,156,647,504,593,865,966 
406,830,253,105,62,754,215,880,473,744 
307,169,279,134,62,254,386,314,216,666 
376,738,226,728,864,285,191,79,445,232 
447,710,336,417,391,752,751,922,252,668 
796,962,325,589,977,254,281,104,135,791 
277,735,718,576,152,593,487,591,394,427 
989,141,294,216,178,396,665,328,317,300 
939,72,272,521,674,861,688,245,37,406 
647,798,566,958,59,635,569,691,729,880 
641,766,772,427,434,383,335,331,169,404 
779,173,375,69,177,882,916,968,881,360 
529,740,3,946,214,4,267,935,730,962 
258,101,504,189,663,807,310,88,668,394 
409,464,301,432,773,650,491,23,193,911 
479,266,351,206,594,937,304,516,128,751 
270,506,462,552,971,74,185,261,407,695 
197,766,295,665,415,386,784,738,162,14 
300,184,317,840,875,367,686,598,122,186 
984,208,361,454,88,855,526,196,54,888 
664,120,542,649,878,74,685,415,709,345 
393,306,632,751,106,14,922,829,653,270 
311,147,191,94,208,868,269,133,470,28 
666,453,861,199,387,841,258,328,484,579 
904,970,341,623,339,191,63,759,551,970 
129,131,459,523,127,724,639,143,177,830 
357,672,106,480,500,368,199,969,598,62 
111,665,252,283,946,801,392,436,474,352 
783,316,398,931,817,76,350,31,449,314 
896,390,568,668,753,980,534,647,327,821 
544,465,363,358,949,46,708,52,570,315 
86,476,326,597,602,8,407,893,215,403 
547,170,206,850,403,787,355,86,722,584 
535,810,43,11,146,29,648,569,710,829 
719,207,496,737,767,26,519,256,184,447 
238,395,440,556,62,660,954,481,812,666 
817,206,731,410,91,155,858,947,265,622 
942,222,746,692,842,881,54,39,586,598 
648,8,816,548,229,130,989,130,802,11 
961,787,978,823,726,147,420,306,791,628 
387,658,46,261,767,15,490,672,864,656 
263,943,235,668,552,370,942,729,631,615 
245,524,181,982,311,645,486,552,50,478 
595,140,218,553,131,981,881,131,963,827 
257,129,210,189,669,221,834,424,669,181 
344,455,896,928,653,431,796,206,869,261 
249,107,964,254,899,111,824,506,94,445 
330,542,796,574,462,581,98,330,610,235 
809,906,876,830,272,436,323,817,302,132 
399,902,5,180,829,495,474,872,699,256 
273,960,266,197,382,411,249,172,894,652 
877,463,284,900,862,192,335,828,989,809 
448,644,234,895,794,125,74,442,234,200 
222,52,142,417,551,539,602,547,213,645 
421,81,662,319,394,574,115,378,635,682 
86,42,495,834,560,860,268,75,712,228 
360,322,782,344,425,11,965,805,853,852 
686,884,523,709,369,368,424,742,599,998 
966,276,835,434,263,482,87,50,999,889 
682,641,287,484,607,866,262,986,433,263 
978,664,722,437,740,74,619,917,802,214 
862,810,54,390,95,810,75,248,313,108 
975,483,764,68,612,272,36,237,833,459 
566,988,622,580,299,724,540,447,743,148 
795,196,83,305,165,539,390,649,551,48 
58,22,208,990,299,754,242,540,338,581 
958,169,640,881,44,941,814,254,168,253 
241,127,463,714,523,983,449,823,180,649 
849,622,792,812,151,278,482,839,270,666 
950,326,793,817,195,393,225,997,687,709 
618,322,725,394,724,477,178,257,556,383 
894,359,562,413,197,834,222,765,525,654 
740,655,297,957,854,917,308,905,208,601 
954,271,231,738,936,178,275,66,540,569 
228,638,135,878,488,459,22,396,682,82 
280,28,247,167,66,372,9,652,374,277 
326,813,626,583,59,560,949,843,218,619 
212,613,812,969,427,780,527,826,167,231 
783,830,320,29,731,846,859,537,463,824 
973,472,351,973,573,825,795,232,936,913 
237,901,448,295,375,291,486,586,554,471 
572,221,506,791,111,548,397,936,66,567 
226,869,118,232,894,396,37,25,177,190 
582,15,359,523,314,565,603,776,789,991 
86,943,416,748,573,232,668,70,825,25 
841,402,103,919,540,998,679,240,623,716 
370,231,810,826,229,123,191,338,323,5 
315,517,558,500,288,175,757,358,104,535 
914,893,924,382,714,379,587,305,751,340 
806,644,59,895,648,821,770,288,66,170 
114,669,180,865,159,435,608,826,111,108 
321,314,20,431,353,887,720,93,863,875 
922,459,319,71,158,905,460,13,363,566 
529,738,974,413,205,870,109,400,724,177 
837,671,946,524,572,373,170,161,323,672 
365,201,155,219,823,472,713,865,427,270 
596,24,78,228,282,464,905,385,898,399 
560,705,333,362,47,41,822,385,924,217 
272,880,712,414,63,190,632,179,942,884 
576,915,936,91,246,966,178,754,940,718 
149,731,935,300,681,977,997,780,893,569 
163,794,844,713,228,575,465,153,790,20 
475,173,119,786,91,116,405,3,426,296 
522,104,440,490,846,472,911,441,735,642 
206,191,827,344,265,0,822,960,470,688 
495,415,546,560,692,508,418,373,902,111 
742,877,576,628,983,470,249,392,1,589 
201,351,28,304,824,775,885,881,657,356 
377,871,677,601,569,402,604,312,480,867 
591,574,314,422,673,638,919,397,620,912 
709,306,927,846,148,360,669,811,74,919 
625,656,287,306,773,660,315,111,874,40 
715,338,570,28,82,670,313,553,340,281 
426,76,438,667,614,868,985,651,791,408 
118,94,18,976,587,205,3,558,635,545 
339,640,724,822,324,918,618,817,869,2 
753,264,392,249,631,268,49,204,880,749 
10,715,947,315,537,847,850,564,299,50 
335,262,601,398,793,659,241,294,302,588 
392,981,810,644,658,905,214,210,308,372 
988,234,681,47,919,921,961,106,551,34 
872,116,874,218,938,692,438,997,948,658 
858,450,382,877,237,282,620,818,846,728 
412,605,834,902,666,392,860,708,806,149 
255,781,359,161,743,792,865,911,710,263 
554,533,130,264,547,703,555,598,610,423 
171,371,964,46,286,316,311,410,440,889 
477,419,214,847,676,787,748,268,195,778 
246,319,943,507,330,649,156,63,242,884 
311,820,456,766,376,529,371,306,501,961 
638,515,329,137,839,510,915,696,532,171 
51,946,769,871,679,952,63,154,916,680 
158,512,72,901,595,510,244,515,629,986 
535,1,537,359,710,147,942,268,8,42 
547,520,893,243,580,741,966,785,523,254 
687,87,698,621,193,630,959,773,365,679 
305,729,315,78,335,792,672,652,32,398 
262,735,621,536,741,536,18,923,807,384 
179,913,129,744,451,537,54,228,728,34 
326,347,611,364,3,661,203,419,900,721 
841,384,834,138,966,966,944,662,392,854 
95,555,275,512,295,318,53,422,442,25 
794,982,963,824,54,133,52,361,481,466 
717,494,908,502,664,303,489,510,72,504 
585,882,618,701,464,390,692,286,602,906 
499,763,769,39,336,933,966,961,58,102 
669,876,15,750,749,452,643,723,196,573 
436,604,890,771,812,802,964,703,885,804 
281,703,675,965,457,977,162,844,448,236 
569,312,690,906,798,662,265,270,305,848 
130,702,533,860,406,693,193,734,444,360 
788,731,172,562,495,755,614,567,468,762 
32,714,76,227,774,627,815,185,140,808 
740,836,927,62,833,708,426,268,364,798 
189,508,743,208,287,96,498,697,692,341 
115,154,241,14,664,516,788,328,933,876 
649,29,337,522,800,296,675,802,978,964 
706,108,985,400,57,454,911,635,930,76 
575,360,481,177,576,518,489,957,544,879 
773,235,589,283,804,638,367,424,255,215 
353,840,159,862,486,863,719,178,920,32 
89,662,427,699,316,523,800,629,619,852 
726,243,81,586,611,740,304,540,145,723 
90,290,555,598,166,390,454,150,356,376 
645,539,764,405,996,762,104,827,190,142 
297,20,618,345,199,188,792,701,179,176 
714,988,206,221,381,24,421,386,783,96 
308,164,954,55,806,420,382,778,943,670 
197,150,865,753,400,636,490,422,904,123 
479,695,542,192,58,525,195,395,878,750 
339,249,411,465,60,978,973,143,558,247 
655,192,778,530,621,191,412,233,343,611 
269,416,849,403,601,114,623,142,672,628 
406,532,640,958,246,436,583,823,243,138 
294,35,691,20,617,20,234,946,338,587 
896,977,214,121,53,778,232,70,883,635 
721,269,817,929,945,890,576,688,950,577 
885,122,603,77,863,559,533,889,683,967 
431,22,692,705,853,682,550,767,149,617 
777,977,369,819,474,482,937,698,421,546 
574,589,535,585,585,246,696,957,26,245 
158,241,285,271,636,730,886,911,889,678 
293,294,477,147,885,610,751,730,830,873 
81,806,474,592,301,989,677,420,129,433 
5,524,541,683,489,225,949,510,918,315 
626,587,932,106,555,358,456,886,186,204 
883,747,49,232,343,796,714,497,121,194 
902,808,354,978,797,683,823,817,372,410 
481,244,709,571,903,280,520,334,567,34 
904,103,923,277,728,499,392,182,411,96 
674,485,51,630,388,42,890,308,852,986 
108,249,642,245,558,344,752,820,783,695 
469,260,548,828,172,82,2,227,474,914 
900,745,405,144,509,742,39,2,7,635 
434,424,330,392,317,817,552,192,725,395 
109,916,759,279,252,568,601,455,724,814 
688,892,281,61,556,160,983,213,280,125 
322,90,446,480,953,11,759,398,752,710 
888,201,732,986,936,638,586,744,174,735 
809,54,967,672,886,233,509,760,701,407 
739,670,701,399,885,989,197,829,508,902 
490,966,511,864,610,988,941,415,899,134 
511,414,85,696,35,746,758,178,970,916 
268,711,387,794,901,117,361,172,658,155 
55,614,842,476,988,846,563,439,154,532 
171,696,24,977,916,63,751,669,742,131 
41,641,679,354,589,974,877,655,519,216 
644,281,789,594,323,932,205,655,265,735 
482,218,365,481,237,395,355,144,887,255 
370,104,436,330,322,228,52,660,707,196 
532,445,360,931,241,822,355,707,796,910 
306,519,153,621,303,357,226,305,405,343 
232,370,286,997,953,420,321,264,549,9 
329,85,178,304,537,668,560,102,708,515 
663,447,681,348,300,265,675,1,595,430 
182,863,422,340,357,38,907,162,161,595 
243,473,420,239,527,36,748,704,509,126 
131,378,921,639,650,386,359,426,174,351 
220,446,539,589,452,711,213,247,333,232 
525,784,435,408,976,975,549,478,740,725 
653,578,731,923,45,217,906,748,37,828 
171,269,769,982,807,61,270,864,152,397 
421,699,489,141,208,489,153,671,706,841 
692,53,404,45,466,930,681,130,524,63 
322,131,272,597,510,577,542,186,753,451 
34,346,38,230,802,339,439,794,802,853 
969,369,499,484,844,397,514,684,360,268 
340,143,540,330,191,261,783,500,924,457 
761,620,529,116,380,606,107,833,932,798 
856,876,421,875,962,816,196,836,464,563 
110,806,463,464,612,839,621,808,760,450 
326,550,57,663,279,94,362,526,496,385 
986,336,831,384,356,259,671,146,742,536 
608,629,566,290,799,869,912,236,886,539 
869,415,239,20,238,152,969,332,486,555 
229,816,613,966,867,838,57,851,493,713 
470,259,301,964,566,348,130,618,668,167 
710,64,450,488,203,440,115,611,771,755 
91,935,151,394,722,266,15,880,727,985 
41,495,585,842,476,550,705,912,788,716 
419,978,184,693,356,873,502,390,237,563 
281,733,845,489,961,26,709,377,9,468 
756,609,165,873,731,313,698,246,619,939 
695,583,866,322,553,484,389,980,973,425 
199,358,247,464,104,450,199,340,313,423 
795,909,659,958,959,595,495,348,72,712 
880,353,145,711,469,555,141,3,858,663 
355,198,166,350,80,7,376,80,198,902 
826,520,145,15,936,276,898,680,514,239 
61,33,780,428,637,551,199,929,504,221 
840,406,573,368,942,881,105,126,841,47 
209,162,438,192,921,982,735,0,843,917 
855,142,732,627,155,979,736,204,636,400 
261,822,161,428,317,965,306,961,646,905 
735,226,276,237,646,795,517,566,540,581 
13,366,466,76,432,220,913,343,597,874 
865,524,26,715,26,213,281,71,790,35 
906,404,86,333,99,362,928,813,27,747 
666,183,692,326,737,319,982,743,10,886 
680,180,121,209,785,294,360,654,268,482 
775,931,579,683,906,621,587,358,936,866 
117,634,671,667,796,90,933,490,506,648 
850,228,245,295,129,314,495,453,973,154 
547,227,376,365,595,739,607,349,807,645 
481,13,327,502,734,741,114,29,349,384 
615,451,117,699,864,823,5,813,183,859 
327,758,25,54,303,973,71,639,1,785 
515,746,352,108,495,187,83,47,281,60 
619,150,50,36,511,242,774,911,32,388 
95,108,184,293,722,247,149,783,523,570 
524,870,787,106,321,625,127,149,970,832 
557,35,451,913,616,248,325,746,594,700 
119,245,217,612,438,723,770,945,16,398 
794,258,269,408,228,449,630,81,372,648 
872,537,394,678,586,739,755,777,161,561 
241,169,69,706,682,767,716,925,302,441 
212,848,145,771,14,385,41,635,86,449 
882,888,831,576,213,576,811,593,407,157 
904,907,741,451,182,840,606,929,101,134 
217,90,36,919,700,399,772,304,974,171 
803,747,213,218,548,384,913,590,451,503 
170,639,590,507,468,302,136,891,912,599 
215,298,895,553,485,385,223,396,795,38 
200,573,321,396,584,408,203,350,186,795 
910,953,310,827,8,965,106,798,908,367 
21,596,365,102,676,130,794,248,678,908 
576,825,810,567,677,168,712,936,264,733 
381,308,559,82,328,197,904,526,977,614 
680,880,690,556,338,710,45,888,312,825 
988,293,829,668,80,651,891,826,57,989 
495,642,109,941,514,224,964,778,739,817 
39,459,200,418,120,955,916,125,877,241 
450,73,527,866,599,404,831,749,766,256 
847,179,597,816,646,737,644,894,269,308 
582,682,7,624,120,648,358,861,854,159 
504,310,909,466,633,31,867,876,481,874 
586,573,110,278,284,467,836,934,801,711 
905,913,843,998,502,634,378,896,767,270 
164,480,915,990,740,592,790,200,571,433 
148,518,996,540,185,659,57,408,844,613 
596,480,74,956,328,520,326,181,221,388 
678,651,234,213,993,491,388,113,132,34 
677,998,380,525,72,43,301,165,113,458 
593,381,625,310,165,1,599,829,989,693 
427,290,240,647,523,970,598,698,512,856 
965,639,763,575,819,930,521,140,814,279 
646,734,167,616,830,723,678,716,774,840 
78,893,936,652,489,469,285,434,758,494 
677,337,318,573,715,345,791,578,20,420 
328,79,726,103,843,618,300,812,376,417 
279,469,174,937,873,743,284,859,211,377 
222,60,47,175,747,503,823,583,291,409 
492,415,774,72,539,745,376,225,282,605 
616,21,40,569,304,7,314,759,215,788 
513,171,585,88,129,584,288,785,933,246 
196,578,174,946,966,694,339,953,850,607 
97,602,194,634,923,368,656,713,862,96 
492,565,411,493,443,149,527,990,360,591 
224,729,44,546,101,710,162,822,168,611 
685,305,608,767,370,94,318,68,482,612 
561,766,112,792,333,819,993,264,207,142 
481,950,219,460,225,885,958,50,166,50 
640,745,134,90,905,24,228,900,972,660 
75,291,320,429,118,843,243,56,118,749 
834,53,445,392,380,796,735,926,828,473 
736,880,29,817,400,599,704,632,691,448 
608,937,822,451,23,697,428,609,201,728 
182,319,974,309,672,515,30,508,504,314 
124,943,346,483,645,431,911,20,90,717 
285,255,512,737,95,616,449,926,404,582 
700,888,109,179,431,931,504,442,220,281 
842,804,658,231,201,967,642,78,736,28 
730,785,307,587,479,679,162,893,179,279 
939,918,414,635,888,901,904,355,231,201 
764,798,976,913,481,679,193,816,522,418 
206,540,149,402,532,626,441,416,228,607 
416,58,805,661,548,661,658,216,38,200 
915,60,73,24,343,813,149,833,638,698 
480,16,925,711,695,386,539,734,218,799 
608,626,37,817,286,767,298,403,503,265 
892,168,285,15,55,538,809,836,419,331 
780,874,624,539,281,291,691,686,459,21 
830,145,514,377,613,457,193,641,740,920 
899,683,751,126,196,295,170,120,940,113 
887,359,958,83,805,895,103,442,821,610 
417,306,880,233,551,449,957,342,571,950 
895,329,219,92,242,861,395,718,190,278 
899,881,708,418,305,440,725,1,522,104 
794,434,617,209,318,531,2,118,288,980 
616,529,29,17,762,606,426,843,901,370 
63,730,803,567,614,368,105,55,427,372 
758,179,550,890,535,871,211,268,423,35 
683,903,988,344,323,709,269,973,858,530 
655,718,57,709,359,544,251,957,921,299 
291,293,39,596,44,694,462,30,251,783 
603,381,626,755,858,351,718,960,422,214 
87,751,765,510,432,221,731,72,212,45 
799,209,657,567,978,810,617,585,987,92 
514,209,600,64,471,412,184,120,288,910 
835,53,293,278,490,62,448,77,27,738 
407,420,117,779,241,903,82,335,896,593 
106,844,300,357,212,551,441,126,896,88 
47,116,615,334,79,819,308,267,197,746 
604,907,416,381,800,503,943,824,780,952 
102,104,991,162,102,359,923,47,114,644 
7,900,621,525,879,692,577,858,525,103 
587,695,657,663,226,902,900,447,687,46 
114,201,886,684,502,426,74,980,575,299 
142,468,816,615,8,293,622,860,296,559 
218,760,94,321,430,946,858,681,180,113 
357,14,178,997,573,879,58,272,637,623 
182,288,835,560,865,493,906,209,464,225 
392,926,719,369,498,650,784,351,236,668 
358,296,469,27,695,489,582,70,256,241 
155,421,691,770,658,606,804,218,73,325 
345,969,220,211,831,886,907,409,729,418 
18,569,468,376,939,529,46,440,254,478 
436,871,816,961,115,237,81,832,126,882 
959,715,870,805,665,449,248,51,766,728 
735,121,203,85,835,910,475,213,794,687 
208,689,642,808,704,335,800,28,220,915 
291,466,722,858,530,772,210,78,932,380 
333,291,590,6,681,484,982,700,177,947 
7,642,753,108,405,367,776,756,712,268 
118,99,710,428,813,907,281,744,324,436 
463,702,965,998,792,485,752,586,499,416 
705,94,433,461,181,34,995,96,914,211 
558,304,4,804,652,390,347,820,719,406 
882,297,55,908,867,766,339,428,469,403 
620,797,63,954,60,795,55,441,302,391 
3,505,335,566,65,858,425,387,834,209 
481,65,369,279,63,601,769,271,258,189 
356,947,694,295,600,779,885,544,147,788 
490,233,376,689,958,271,850,345,1,991 
661,92,538,806,764,699,226,187,12,51 
18,356,480,806,253,714,454,134,767,450 
310,998,933,496,923,712,607,674,834,244 
864,934,776,500,718,433,448,545,165,870 
737,448,150,287,309,367,148,986,446,367 
495,611,700,13,17,850,530,32,974,577 
78,577,593,485,70,442,826,918,496,645 
84,964,882,306,930,888,937,332,633,836 
357,72,936,552,120,499,724,890,631,992 
352,609,993,155,378,862,69,796,169,176 
401,203,898,66,245,452,90,659,661,463 
630,986,829,80,638,340,647,550,184,380 
392,329,256,773,680,21,205,335,264,22 
503,51,774,174,276,773,636,298,939,221 
647,518,784,850,595,368,333,12,500,776 
713,844,247,498,906,234,63,148,447,779 
811,618,384,333,420,236,767,128,213,513 
231,914,67,931,90,279,100,862,777,404 
196,798,717,334,178,84,355,492,961,396 
11,734,762,479,825,568,911,960,932,807 
554,868,141,14,484,275,674,869,146,806 
903,103,818,836,822,423,587,549,637,198 
722,746,478,572,769,30,821,617,362,693 
354,734,801,216,862,428,375,418,554,200 
115,475,898,418,347,526,833,609,672,832 
943,198,551,368,733,401,620,573,720,59 
713,521,580,25,949,416,800,177,775,508 
671,869,921,897,303,801,162,8,322,658 
636,938,378,725,524,154,706,193,247,352 
223,579,377,886,461,532,961,264,910,425 
825,661,325,102,474,76,737,343,308,885 
277,997,506,374,348,722,228,438,505,593 
862,874,573,557,870,873,274,900,523,429 
28,111,497,769,151,985,112,930,236,929 
636,291,37,46,688,569,823,895,220,391 
696,948,269,671,270,692,163,798,39,923 
14,755,782,784,401,420,699,41,137,204 
332,667,655,45,455,314,465,214,170,712 
455,169,33,22,8,196,382,485,893,753 
159,183,941,852,601,679,192,585,131,538 
672,632,221,752,553,806,231,659,704,401 
86,147,353,183,593,339,915,620,82,43 
7,166,560,459,670,358,472,705,152,606 
404,560,784,657,196,741,980,675,9,791 
939,151,233,882,376,895,988,391,979,363 
77,100,438,145,716,939,124,253,872,562 
101,109,698,743,775,748,404,646,15,729 
928,464,221,563,622,681,525,675,397,647 
386,822,155,650,861,118,664,452,83,828 
500,934,772,283,136,260,960,820,930,566 
524,410,770,676,946,9,265,926,127,416 
450,901,501,232,792,913,425,736,495,488 
343,143,999,56,89,861,59,857,663,173 
792,34,416,267,793,854,638,62,607,603 
287,987,621,599,160,438,225,215,973,725 
55,253,396,298,728,653,751,621,471,108 
959,668,268,766,942,912,98,746,573,758 
491,412,60,950,667,144,840,627,65,310 
478,807,898,206,638,731,744,656,3,200 
560,176,798,413,945,421,418,13,160,549 
251,188,689,87,696,910,152,364,775,140 
141,970,727,115,29,983,673,675,373,238 
128,826,930,17,687,858,580,604,873,398 
481,785,764,596,781,766,471,342,727,487 
322,187,583,496,869,678,324,348,737,472 
522,331,538,303,904,3,478,185,40,798 
111,910,39,892,956,282,892,645,30,588 
381,453,30,887,845,372,452,498,491,985 
866,109,220,514,55,514,655,555,535,966 
921,321,127,883,583,273,535,715,369,273 
56,739,439,203,949,74,202,834,783,308 
181,674,944,239,373,224,256,49,291,11 
702,652,27,614,166,967,133,636,921,971 
136,822,818,631,302,539,125,264,427,301 
730,856,711,788,271,801,283,793,788,823 
416,233,303,47,523,676,775,640,372,689 
46,157,174,712,224,379,233,619,96,397 
227,778,842,626,861,42,643,48,137,161 
380,879,818,496,126,956,524,949,335,344 
258,764,354,869,78,394,85,429,402,478 
340,190,630,284,147,742,763,567,80,710 
852,659,831,246,404,284,607,110,378,870 
161,212,401,970,881,391,44,65,206,439 
223,424,187,102,896,328,792,655,276,17 
362,810,951,171,343,209,435,913,350,626 
553,362,562,409,134,341,704,224,44,720 
142,334,178,709,459,730,318,930,309,851 
158,804,494,182,790,719,584,690,3,348 
31,739,678,855,174,641,644,395,353,356 
259,381,249,246,463,642,391,109,547,38 
552,612,955,482,342,126,357,769,647,54 
584,551,694,829,204,486,712,889,737,623 
657,454,756,882,477,211,372,753,218,628 
923,975,122,288,104,456,615,478,641,269 
775,17,173,200,191,797,447,78,428,708 
71,925,900,562,539,667,19,409,651,816 
706,778,218,98,426,265,400,771,126,859 
108,57,997,975,919,2,311,358,196,457 
911,400,267,617,55,365,381,205,906,380 
257,26,498,643,29,482,97,260,321,742 
629,937,405,631,581,36,394,81,584,877 
46,380,365,400,601,96,924,954,77,460 
851,800,914,459,133,284,639,116,574,149 
69,565,657,570,213,475,634,579,770,545 
543,413,9,330,401,183,861,780,473,109 
135,523,989,49,290,271,705,560,292,772 
930,928,121,356,871,324,282,875,528,818 
819,190,64,122,977,96,255,507,794,939 
360,139,479,64,626,450,868,59,289,148 
417,29,156,457,849,687,753,451,319,33 
285,532,392,852,456,705,387,930,52,46 
197,456,310,287,810,932,62,433,678,553 
145,699,257,93,806,924,48,499,589,410 
456,337,202,156,94,840,817,613,626,539 
772,22,690,407,984,182,811,886,254,472 
290,647,101,137,384,701,276,373,620,634 
317,637,418,633,29,343,953,957,665,363 
586,904,338,981,389,228,793,371,550,464 
477,308,100,48,761,747,42,76,35,672 
135,34,727,609,720,578,210,874,637,183 
770,902,776,333,227,568,25,115,516,195 
415,391,728,482,402,96,897,268,76,68 
895,896,798,142,581,969,870,371,724,799 
261,666,857,618,351,638,786,635,892,1 
343,984,259,374,755,660,862,379,849,801 
689,289,243,27,772,802,269,378,192,310 
64,883,686,778,979,628,283,254,20,858 
544,240,692,713,541,778,81,527,21,805 
277,589,901,209,299,243,423,538,905,183 
523,152,41,218,868,299,282,239,336,129 
660,641,146,878,297,207,90,47,702,55 
83,475,513,669,77,406,236,181,977,379 
143,573,306,589,436,488,347,554,220,288 
67,149,831,763,333,734,305,169,932,704 
903,799,316,711,673,411,388,556,250,493 
935,543,490,438,969,400,421,520,383,858 
500,578,559,788,297,430,551,604,159,568 
433,50,392,525,620,375,905,734,926,633 
848,424,549,380,742,777,757,270,46,320 
875,494,957,561,960,954,116,597,18,453 
393,330,924,729,132,92,126,966,749,455 
879,663,923,280,974,37,406,39,137,498 
230,499,692,708,749,586,107,189,71,275 
819,435,546,986,642,160,456,951,839,80 
857,140,412,818,150,569,216,750,704,838 
665,265,503,244,838,536,350,552,467,383 
68,541,270,844,54,301,918,972,503,572 
547,417,841,905,960,416,173,145,149,739 
23,842,369,735,541,817,453,284,470,448 
948,932,687,576,350,938,505,886,28,705 
182,581,717,958,650,129,583,243,414,547 
450,720,911,318,998,176,69,44,876,557 
992,813,842,169,525,518,176,955,918,194 
944,978,104,416,779,57,70,896,677,687 
659,467,194,506,564,686,843,511,171,754 
489,704,552,252,522,578,82,540,240,746 
43,556,871,708,690,295,383,936,762,395 
95,953,40,652,603,91,386,199,260,185 
866,743,502,272,610,944,31,235,281,198 
522,187,379,544,667,251,951,871,238,30 
714,637,384,77,274,284,623,129,525,444 
822,513,983,327,48,889,969,909,429,439 
943,184,186,643,514,195,243,650,852,76 
388,383,819,194,565,383,508,253,195,367 
817,865,683,700,221,654,458,95,515,736 
216,107,295,229,387,476,892,568,128,646 
125,306,116,255,447,607,544,330,859,44 
763,753,834,867,305,342,344,968,138,358 
563,652,437,579,381,891,75,916,429,748 
80,547,589,620,483,418,220,640,719,507 
778,981,467,43,340,581,852,835,454,449 
922,635,429,413,935,906,991,189,548,390 
785,642,510,324,112,40,781,965,884,727 
46,14,350,668,822,962,555,460,998,622 
608,709,903,816,205,72,107,133,870,886 
954,142,964,830,646,238,371,633,606,971 
148,274,575,694,11,557,897,384,531,347 
13,515,885,511,925,963,511,137,747,239 
185,220,955,616,979,437,469,20,122,978 
514,95,697,973,184,352,660,356,512,315 
928,911,541,40,502,741,783,887,695,498 
509,837,257,969,561,656,192,218,22,828 
344,497,644,911,142,787,524,223,142,453 
639,238,958,611,120,143,906,889,322,520 
9,881,932,771,613,218,962,587,968,338 
965,880,361,616,914,702,286,960,743,728 
764,236,529,557,433,731,300,988,323,424 
66,114,401,802,789,821,415,571,703,403 
871,824,742,852,242,156,486,697,271,225 
630,775,834,892,748,820,462,188,132,525 
165,583,507,801,763,360,579,182,739,648 
567,550,481,528,878,789,359,497,628,178 
307,497,212,752,997,291,762,327,119,809 
428,780,205,24,169,874,91,359,354,659 
782,501,909,47,803,951,464,359,691,611 
906,567,72,421,781,718,825,691,904,819 
769,94,473,710,350,152,791,959,678,20 
510,967,291,790,876,962,471,456,608,798 
475,990,938,490,689,992,93,230,617,537 
241,603,136,632,774,758,493,891,827,198 
342,682,555,287,543,935,153,587,794,632 
779,437,410,974,609,65,721,86,273,419 
50,490,411,354,305,811,103,449,14,292 
55,794,104,550,550,927,414,492,224,791 
353,930,459,921,453,327,195,927,222,772 
132,58,31,128,416,174,894,721,872,746 
188,25,31,215,840,795,466,235,939,688 
572,296,486,283,350,413,223,381,476,65 
379,413,138,767,869,952,37,147,37,177 
910,95,420,269,137,586,139,53,516,678 
267,241,995,324,230,518,232,30,997,499 
583,105,404,374,856,21,832,646,446,915 
64,860,276,226,433,731,807,853,731,745 
271,764,969,625,255,862,142,47,315,376 
851,983,129,757,541,346,441,545,667,286 
302,411,997,776,958,703,303,313,422,670 
125,674,119,779,57,389,685,650,440,762 
317,246,555,475,550,295,258,389,737,855 
386,387,891,544,558,760,369,68,491,353 
26,991,574,861,680,173,289,162,296,796 
58,981,426,790,980,333,66,261,910,652 
244,538,194,915,87,501,417,769,592,995 
489,176,759,630,128,245,670,311,114,698 
894,400,175,57,468,537,720,271,281,906 
887,226,95,928,918,537,775,901,472,582 
335,776,468,810,304,694,385,30,94,868 
627,90,65,107,418,572,89,134,291,142 
46,738,872,668,677,378,403,416,390,919 
665,692,970,984,65,60,811,164,667,845 
515,233,37,142,806,239,737,497,772,695 
130,638,190,929,293,77,434,423,813,621 
562,596,126,606,926,751,291,103,586,354 
12,189,138,434,855,18,265,530,582,101 
633,456,761,955,989,412,594,953,315,825 
967,477,821,841,557,521,646,825,991,746 
154,38,662,163,318,786,706,521,766,247 
287,355,245,463,755,665,151,598,635,909 
635,436,814,698,284,859,889,279,718,57 
777,784,974,578,591,18,699,534,397,665 
544,26,175,40,523,134,45,971,303,322 
917,804,590,86,525,953,179,308,878,591 
867,204,100,541,803,780,233,287,261,266 
258,500,876,232,34,279,927,226,322,639 
995,766,282,555,352,857,320,206,101,610 
687,122,112,509,972,468,494,159,618,956 
696,209,901,424,326,483,27,772,446,838 
15,248,845,117,391,789,590,625,437,301 
416,568,402,134,89,10,358,43,841,519 
637,944,457,712,155,391,106,768,96,940 
650,775,719,473,858,636,192,935,35,523 
949,866,846,490,362,599,946,268,805,596 
280,601,709,132,483,899,640,479,540,148 
612,634,945,937,22,695,125,925,233,676 
179,307,207,808,396,37,299,136,344,666 
214,501,57,791,832,710,731,157,47,18 
711,914,875,298,423,63,898,687,972,606 
143,264,203,469,708,949,814,803,297,437 
734,398,901,120,630,503,609,850,547,563 
300,301,384,46,457,753,910,934,909,459 
505,81,596,552,845,28,355,908,87,578 
384,987,984,861,333,762,812,612,836,75 
497,80,420,268,459,308,386,427,852,145 
803,64,777,932,693,399,343,533,382,168 
484,613,4,733,451,690,51,623,15,265 
421,933,736,234,915,187,828,641,938,859 
804,934,329,90,407,122,990,929,885,92 
17,878,385,583,937,111,578,706,650,211 
43,53,279,877,21,482,876,837,286,655 
805,5,115,871,506,109,945,351,772,979 
257,908,233,419,730,623,931,150,945,697 
910,58,307,945,440,446,379,607,420,928 
846,76,687,757,36,664,403,989,857,280 
737,280,369,850,401,929,187,22,486,501 
364,107,101,80,812,138,475,901,822,331 
958,719,696,467,388,672,907,183,552,877 
204,615,227,541,777,873,566,733,471,153 
406,89,848,675,536,168,210,485,324,916 
498,123,463,229,152,664,504,210,476,469 
868,571,54,706,916,669,563,423,100,483 
91,805,447,925,88,573,798,320,681,357 
855,26,756,643,194,600,482,607,375,238 
531,745,267,905,299,884,938,837,397,390 
494,903,947,324,437,766,160,495,721,458 
716,453,576,825,591,86,492,90,905,4 
589,232,837,749,786,125,790,553,583,872 
66,106,720,788,891,308,436,823,980,531 
525,92,433,915,211,757,303,753,624,232 
762,860,790,556,677,14,989,569,932,141 
433,770,414,488,783,16,959,672,776,908 
393,766,887,904,10,43,300,298,480,455 
627,214,913,185,927,495,480,832,287,450 
961,500,602,424,998,860,487,918,154,805 
86,42,10,307,90,699,732,839,903,141 
711,389,144,120,418,409,634,381,681,742 
845,541,257,410,232,301,733,41,99,497 
609,509,192,604,923,919,363,521,154,277 
273,186,159,959,740,162,928,191,692,161 
907,589,394,948,992,476,38,214,23,653 
936,311,536,269,419,22,337,206,405,14 
154,455,36,179,516,305,619,600,360,471 
689,599,589,872,99,212,345,645,695,390 
176,89,969,114,19,10,3,581,255,395 
101,422,118,947,405,575,875,598,984,174 
207,925,222,804,400,428,995,376,873,657 
105,465,709,68,339,599,893,935,605,245 
497,27,663,237,835,796,432,271,919,874 
399,704,494,654,597,555,730,165,167,86 
684,820,79,484,121,376,905,250,651,48 
291,824,364,370,366,207,877,238,994,281 
148,987,509,313,796,388,779,904,686,847 
90,769,822,10,797,42,672,770,280,863 
361,217,211,941,682,315,775,31,623,429 
933,985,310,555,854,471,51,765,189,576 
9,621,489,29,50,351,558,752,983,501 
491,442,91,454,199,677,969,355,389,83 
783,542,118,249,922,983,469,652,864,876 
165,174,693,780,639,773,197,824,248,425 
521,694,959,799,700,500,965,662,693,109 
540,277,199,627,10,848,939,714,879,877 
783,941,681,63,56,687,313,70,363,551 
574,521,26,929,384,66,546,29,615,748 
464,103,826,139,676,554,603,623,221,257 
95,999,700,92,195,54,509,35,338,981 
520,314,596,21,414,337,481,94,495,591 
947,633,744,203,560,679,105,374,478,180 
909,208,434,84,475,389,945,544,593,396 
39,948,32,684,918,448,970,427,222,697 
208,685,3,964,360,85,236,46,836,563 
352,507,70,690,99,553,87,357,542,920 
551,285,884,744,918,145,520,375,481,715 
684,309,376,571,525,382,245,826,114,580 
991,709,531,62,668,684,287,186,309,934 
765,882,515,747,884,973,391,542,550,485 
383,788,751,736,229,221,963,821,281,814 
478,45,271,481,77,916,267,474,761,106 
17,654,444,811,993,450,684,495,79,749 
516,6,17,827,370,188,345,480,315,213 
778,141,714,805,816,153,88,342,536,743 
78,231,854,288,934,510,614,781,455,98 
522,972,974,815,354,796,313,886,145,294 
536,616,700,258,245,880,438,195,754,770 
542,32,153,284,242,16,150,999,469,273 
185,218,115,726,376,739,614,850,546,66 
521,341,997,477,761,578,161,354,324,690 
302,780,257,953,831,796,551,770,738,219 
954,674,479,666,216,38,118,55,113,826 
94,900,845,776,176,349,47,873,938,958 
407,834,639,263,150,541,219,805,162,339 
437,654,729,292,525,0,43,987,581,422 
240,776,827,304,288,323,156,406,193,970 
749,306,963,607,27,583,872,593,898,585 
279,405,235,754,415,746,558,246,856,558 
239,660,238,287,733,586,55,138,997,300 
628,306,141,352,60,237,197,433,499,433 
304,605,497,998,999,229,407,824,623,386 
117,332,249,670,895,316,159,814,870,233 
159,618,786,716,24,101,293,953,504,264 
275,200,352,182,670,817,855,539,133,971 
123,966,324,954,623,896,336,691,150,79 
489,693,918,700,145,197,663,302,131,341 
882,600,629,387,463,630,816,82,502,959 
910,415,599,695,843,418,61,524,699,127 
446,75,707,264,822,527,4,681,400,621 
83,663,6,518,972,430,584,362,444,797 
800,93,981,872,310,705,52,154,376,880 
886,917,281,676,857,448,322,134,256,707 
23,223,526,994,544,173,956,364,279,422 
213,943,961,362,358,705,565,552,483,157 
386,312,653,889,742,488,392,256,632,157 
256,241,391,176,75,378,692,794,217,722 
745,77,953,82,933,881,126,551,96,72 
638,328,945,271,938,574,727,577,489,172 
739,737,216,844,485,796,892,700,198,608 
928,307,186,389,722,196,688,671,895,750 
698,437,839,213,727,129,27,705,712,100 
331,616,424,197,108,651,812,230,431,802 
433,996,780,45,413,297,989,688,590,959 
95,649,991,66,547,953,969,835,236,621 
70,245,928,833,729,366,497,520,369,444 
54,202,139,281,594,521,807,276,926,98 
723,405,858,957,908,981,990,873,916,528 
599,304,997,360,862,817,715,335,714,272 
71,865,205,694,439,635,76,142,147,516 
152,566,3,534,698,966,5,769,492,32 
98,365,34,259,240,625,206,726,978,381 
723,294,443,896,818,628,897,383,488,438 
862,603,377,128,251,325,261,287,797,993 
952,74,145,172,384,557,787,444,327,971 
378,675,89,815,960,206,671,703,13,656 
345,286,91,310,187,821,285,959,614,941 
568,50,599,683,659,964,405,784,355,676 
436,92,71,637,110,663,523,600,585,675 
520,267,324,817,927,905,795,79,94,887 
794,67,444,337,781,391,334,111,230,673 
780,943,368,373,749,8,824,689,415,888 
972,885,300,763,908,109,302,728,524,76 
970,649,307,342,562,568,30,179,541,601 
878,947,673,824,256,178,57,687,523,626 
393,643,868,39,54,460,293,747,867,351 
12,519,717,314,479,962,888,428,814,945 
283,494,81,427,223,426,584,144,117,406 
785,14,781,245,916,711,458,363,627,234 
874,482,37,628,884,958,922,331,178,705 
264,367,150,459,563,229,553,202,140,922 
390,706,384,448,822,754,537,720,308,243 
98,260,824,269,236,167,897,231,86,964 
691,587,945,568,569,620,745,533,988,132 
591,243,305,263,291,957,448,246,807,358 
48,776,935,822,393,644,517,933,154,619 
129,914,712,797,245,880,64,667,678,134 
523,45,366,185,32,463,319,457,656,452 
114,981,803,431,326,563,16,770,284,16 
489,262,726,888,700,5,696,475,814,343 
982,749,147,823,157,695,689,113,455,815 
946,922,414,889,327,60,769,488,289,69 
900,582,603,691,849,595,604,846,789,381 
161,233,142,989,775,343,264,674,214,70 
535,516,721,3,486,887,817,538,238,129 
953,807,610,882,629,78,383,191,324,387 
961,315,524,183,857,667,924,592,491,20 
308,148,19,820,697,66,975,833,46,629 
472,969,468,621,162,672,593,636,515,952 
111,562,960,952,155,485,571,955,462,816 
953,235,8,887,936,818,680,612,429,861 
0,321,435,806,525,787,368,868,381,288 
41,289,177,629,254,367,66,510,184,464 
40,954,551,634,653,809,336,803,639,838 
588,430,685,555,556,457,377,478,183,602 
883,382,782,398,55,905,303,510,85,238 
701,703,254,753,705,708,918,985,682,418 
165,506,151,328,703,423,125,673,171,584 
317,927,705,899,388,197,588,634,334,657 
384,929,765,396,485,67,403,863,1,232 
623,773,859,341,203,327,427,184,780,552 
568,62,60,213,354,178,506,0,494,68 
632,26,191,820,668,658,521,634,216,703 
976,580,125,797,816,483,580,688,414,146 
901,274,603,83,648,498,985,736,305,380 
958,635,569,790,566,891,415,22,453,291 
813,470,33,313,167,457,685,704,726,709 
107,786,35,773,297,229,791,465,988,824 
335,60,234,75,853,410,825,545,793,92 
61,19,902,858,511,377,601,443,825,39 
493,668,565,971,538,171,805,79,779,950 
118,375,614,861,142,664,39,137,916,954 
262,47,878,60,375,77,293,627,352,0 
742,830,188,632,762,1,942,576,500,788 
122,157,122,816,453,107,565,941,924,255 
443,371,738,244,812,587,828,613,417,824 
134,716,504,936,568,941,788,697,595,178 
818,178,702,747,918,87,285,249,44,400 
777,840,754,511,306,551,194,492,224,629 
678,374,41,34,972,952,21,751,817,782 
270,395,922,43,403,914,253,289,404,252 
118,155,447,608,805,202,473,891,349,850 
288,185,400,929,701,959,766,196,343,594 
548,837,746,391,80,332,839,8,683,9 
357,80,768,932,101,227,17,289,243,5 
752,91,152,350,19,68,541,254,521,206 
114,947,353,897,364,883,617,250,908,248 
164,692,68,760,661,605,157,422,32,319 
253,641,416,370,268,454,715,339,221,4 
345,203,257,572,683,399,198,715,225,871 
983,446,772,388,966,201,386,371,869,244 
527,841,553,442,48,594,983,263,451,299 
633,909,579,767,257,227,808,49,318,379 
555,984,220,310,447,552,846,823,138,642 
686,617,979,962,813,381,661,233,679,283 
937,687,829,293,275,822,206,675,347,230 
495,302,4,144,31,213,993,450,800,701 
914,678,95,385,70,927,37,886,675,137 
270,976,176,715,886,199,36,492,211,472 
784,263,998,377,591,365,667,781,566,382 
808,64,989,131,939,648,173,419,419,344 
340,263,864,474,940,844,511,551,875,21 
526,118,483,739,414,960,848,146,630,660 
362,760,651,172,256,269,325,362,893,474 
485,640,311,576,195,843,241,557,53,699 
907,637,497,218,624,179,683,814,357,659 
946,149,905,861,820,84,607,632,562,44 
312,601,879,729,470,566,905,144,372,739 
138,557,993,816,481,62,699,469,49,416 
31,923,443,252,367,217,639,53,709,959 
78,160,548,435,451,360,557,478,744,806 
239,697,604,178,456,617,930,520,632,148 
205,313,597,319,375,365,896,623,865,82 
942,736,261,148,779,900,879,945,761,147 
890,87,567,84,222,877,341,422,903,51 
699,885,482,847,400,668,384,556,440,883 
589,128,23,285,802,763,571,33,926,464 
806,379,19,33,208,463,661,547,451,201 
829,971,128,171,180,755,879,716,587,710 
651,962,879,339,84,964,442,889,206,238 
772,464,599,809,505,807,150,126,596,48 
687,23,265,956,795,771,223,20,604,68 
940,37,157,559,835,583,144,143,681,202 
554,333,46,910,785,840,54,702,453,558 
295,855,108,852,788,978,304,816,264,532 
275,408,71,567,859,686,254,607,336,627 
539,291,817,501,31,421,95,830,135,400 
66,146,170,661,183,341,549,594,163,302 
986,648,113,164,991,759,535,148,75,840 
335,524,171,110,593,311,651,898,366,877 
896,394,31,894,690,710,876,692,703,663 
992,162,561,755,433,284,682,817,238,60 
606,821,970,310,703,65,629,657,262,409 
1,331,165,473,817,327,905,957,326,982 
389,604,827,159,786,354,216,876,258,113 
645,587,588,684,148,869,393,775,536,358 
701,534,285,898,889,656,389,745,510,151 
905,662,12,311,753,418,296,337,26,775 
604,436,78,532,456,206,778,445,542,356 
504,779,139,604,125,247,713,147,861,134 
986,384,458,594,408,428,740,478,535,260 
514,683,587,52,902,147,22,570,783,793 
969,684,608,123,716,879,14,902,345,382 
974,157,347,139,549,77,260,397,57,631 
211,854,517,467,93,7,50,797,2,274 
112,727,232,748,532,275,293,269,179,403 
709,205,373,63,668,773,261,170,997,767 
941,490,377,307,846,682,340,824,396,837 
441,979,64,969,709,54,184,486,721,152 
713,706,537,789,348,522,209,66,470,551 
512,615,666,722,364,729,321,725,965,851 
922,648,446,48,148,813,189,240,312,441 
308,525,723,15,744,864,225,786,279,261 
670,190,782,744,517,540,456,786,852,736 
387,844,942,881,877,198,792,213,972,789 
832,334,506,415,630,501,951,220,374,113 
89,659,558,964,734,22,931,483,882,51 
48,896,700,415,606,621,234,833,103,502 
654,433,395,516,848,563,726,994,82,100 
817,726,243,103,949,749,107,421,534,715 
373,183,780,359,730,257,756,295,554,556 
781,540,62,592,23,252,753,429,174,960 
461,108,805,586,33,671,916,797,688,489 
884,25,749,339,889,401,274,876,638,611 
504,429,375,75,889,270,863,356,881,296 
738,869,635,240,285,491,904,717,434,768 
786,302,167,576,126,771,574,740,672,574 
631,486,377,917,41,895,587,752,943,880 
61,577,839,27,401,197,647,693,131,957 
897,690,837,481,885,661,389,242,684,467 
32,354,458,51,207,611,238,540,480,752 
532,75,168,452,985,615,147,877,806,402 
318,260,77,759,420,868,864,963,749,693 
746,106,909,412,965,710,216,201,746,918 
563,724,80,73,654,652,51,733,157,974 
517,849,462,638,619,715,413,277,478,174 
810,664,138,340,284,984,659,404,375,171 
859,201,873,207,296,830,67,990,10,105 
587,523,626,619,718,671,366,393,322,247 
546,955,73,726,400,567,233,715,584,497 
873,351,186,848,302,389,800,88,884,86 
25,631,528,424,240,374,258,410,531,815 
96,222,863,822,533,804,353,893,64,311 
847,407,425,279,757,321,390,770,332,296 
204,727,589,763,617,401,251,86,70,548 
46,207,890,391,643,801,242,838,929,299 
37,906,942,573,299,327,560,230,45,571 
120,564,703,726,729,25,730,42,375,294 
31,120,698,87,662,236,225,186,148,999 
931,317,899,943,312,444,539,693,654,220 
590,946,801,623,746,575,554,188,463,632 
240,482,256,475,507,697,126,459,236,701 
896,420,155,279,655,938,9,170,734,899 
748,823,966,61,569,942,455,837,867,170 
643,301,233,695,797,369,238,266,839,367 
82,301,17,232,326,845,797,359,357,370 
854,949,158,227,273,503,925,84,244,989 
529,877,148,87,920,752,323,86,391,382 
237,468,46,262,267,137,208,283,937,27 
352,129,938,161,991,244,691,908,314,861 
413,346,423,851,988,841,48,705,844,93 
89,17,668,590,796,325,466,265,68,85 
30,40,606,250,667,697,139,782,448,96 
226,566,388,90,282,782,944,511,421,711 
430,146,97,135,511,609,912,405,131,812 
839,743,409,468,547,266,967,209,775,405 
827,79,202,459,447,782,62,587,987,517 
643,677,373,395,322,596,643,945,334,490 
905,911,348,452,406,562,755,60,793,758 
134,565,969,862,423,334,74,581,934,614 
379,200,95,624,523,450,561,827,156,371 
906,753,433,566,472,274,785,198,794,708 
581,724,749,513,190,815,123,294,95,937 
606,443,778,714,243,987,790,772,25,370 
550,642,360,662,493,645,710,979,526,84 
996,7,896,647,600,535,37,160,788,996 
572,343,835,710,861,593,132,171,210,188 
999,723,997,978,932,603,763,527,403,357 
192,136,37,496,85,170,378,505,924,116 
868,710,644,275,505,115,599,864,966,747 
177,191,446,308,20,127,178,751,838,105 
762,386,524,31,354,652,80,450,192,181 
253,231,577,495,483,528,899,565,566,75 
813,551,849,553,395,951,192,333,70,491 
403,86,912,391,206,627,165,334,613,314 
29,813,309,382,613,348,78,179,838,98 
28,934,701,780,53,661,105,969,653,720 
236,453,789,467,800,304,562,458,579,699 
633,112,549,382,640,467,262,608,784,327 
5,284,534,797,243,333,369,288,829,830 
702,397,592,392,384,196,287,553,963,847 
656,13,207,790,158,916,481,612,663,32 
693,537,308,417,232,181,537,454,778,430 
707,466,697,510,654,137,600,541,585,470 
630,94,961,699,555,256,937,131,582,355 
27,295,193,5,209,883,678,713,476,324 
123,874,494,113,536,897,947,411,57,633 
577,267,255,475,904,750,866,843,868,695 
641,222,400,345,513,350,429,263,787,108 
105,187,32,377,778,743,992,105,497,755 
608,845,547,531,682,939,394,612,422,939 
611,924,911,464,937,835,400,618,215,913 
461,52,434,598,469,143,436,784,389,474 
781,156,521,284,732,644,931,280,980,673 
389,427,274,749,187,478,562,104,378,954 
337,141,814,284,484,745,391,743,112,191 
770,649,531,314,926,939,336,64,797,536 
424,96,35,889,339,360,75,562,903,653 
308,37,815,591,730,297,852,240,273,46 
105,178,13,680,512,194,765,534,722,781 
461,558,244,741,427,14,933,279,345,129 
307,757,297,749,390,739,911,941,372,336 
95,936,172,219,184,565,270,799,177,88 
551,149,839,342,730,477,864,841,890,304 
458,480,620,220,437,495,889,245,111,886 
258,909,254,40,620,608,792,538,874,774 
334,374,666,317,703,948,528,707,377,324 
630,933,938,266,317,623,188,950,925,953 
711,206,568,977,337,899,709,43,281,341 
905,282,425,948,816,265,265,820,992,163 
119,956,22,307,908,59,474,409,235,671 
614,322,123,899,620,587,956,85,845,305 
822,777,261,583,188,613,68,613,160,51 
864,802,616,908,694,103,430,183,503,527 
229,734,31,526,751,584,265,460,555,633 
53,670,596,635,932,962,437,462,227,749 
433,339,667,963,423,273,153,3,994,834 
888,980,118,878,988,607,454,298,978,130 
979,148,20,870,367,157,96,407,592,107 
424,133,160,306,364,339,224,295,947,3 
877,113,465,860,419,924,714,842,550,11 
949,897,607,89,956,277,11,748,503,48 
736,23,472,753,944,91,561,853,352,657 
577,645,3,102,758,292,551,212,573,459 
441,833,677,148,715,677,473,743,172,877 
404,355,153,255,686,37,591,250,549,758 
90,860,151,204,847,159,675,40,934,257 
208,559,195,102,333,159,828,924,832,607 
573,507,522,732,31,303,583,932,591,811 
139,825,642,428,552,684,670,191,684,730 
148,616,432,504,866,760,227,14,165,690 
724,475,627,786,711,54,830,650,934,908 
957,811,809,810,757,148,537,360,788,906 
870,744,742,485,368,162,712,850,26,302 
82,810,602,286,474,150,933,837,747,69 
288,583,53,580,626,478,845,369,397,478 
61,996,467,886,807,155,805,43,674,168 
494,283,143,9,22,27,22,556,274,342 
209,748,73,58,234,388,674,432,56,103 
313,384,181,234,408,847,315,687,746,318 
412,879,579,424,593,66,459,631,290,198 
937,28,45,306,348,745,674,310,429,101 
362,353,104,339,767,22,921,103,815,308 
524,519,946,625,604,169,867,882,917,863 
828,178,678,579,273,692,733,728,455,326 
631,48,781,380,783,652,728,342,83,475 
773,680,462,121,384,372,391,371,985,445 
65,797,246,706,692,872,107,558,210,979 
446,720,179,29,679,764,505,485,612,853 
904,302,803,69,749,506,25,330,255,545 
448,47,275,126,124,500,825,342,150,163 
980,622,442,873,271,321,491,644,619,643 
631,95,653,228,125,855,508,508,778,265 
288,959,419,291,318,518,628,659,880,578 
991,112,393,181,849,59,222,847,878,297 
464,137,380,960,839,474,501,651,376,700 
727,236,686,786,542,166,487,505,361,548 
309,735,233,672,149,580,813,828,996,932 
11,55,213,973,713,277,536,548,881,877 
445,38,771,832,837,621,861,499,257,314 
414,457,60,938,792,225,859,886,715,847 
478,91,286,857,574,714,992,0,677,500 
749,177,542,574,588,671,569,349,21,423 
489,935,656,400,985,614,224,589,432,697 
591,216,926,208,707,444,422,620,110,703 
867,920,179,882,527,720,324,103,455,797 
161,94,706,770,322,723,168,535,262,480 
567,319,188,419,809,104,862,883,57,510 
758,204,548,820,369,557,797,408,248,634 
865,498,853,787,913,993,90,224,461,426 
789,959,429,654,32,220,131,22,868,980 
685,366,222,245,606,19,458,53,580,730 
316,390,604,295,29,475,9,966,210,82 
700,458,913,894,725,760,821,256,416,975 
88,129,755,190,88,94,540,961,122,944 
199,362,635,358,772,944,894,426,223,71 
367,574,905,963,590,361,964,826,360,977 
76,246,103,758,705,851,577,585,425,731 
518,55,186,411,778,70,317,322,291,115 
846,118,597,974,328,442,697,283,118,176 
4,941,380,215,820,48,147,409,805,691 
283,148,49,497,955,219,358,315,764,160 
592,739,691,944,392,55,245,27,245,841 
462,734,879,687,618,175,651,347,396,604 
15,705,100,529,23,24,907,60,912,983 
627,614,98,870,498,649,699,366,317,57 
638,62,880,416,187,667,411,225,592,515 
809,536,381,118,450,653,540,305,336,859 
119,304,767,137,308,415,766,69,460,158 
914,296,945,999,289,626,125,877,619,162 
495,963,621,857,377,709,464,564,973,175 
886,861,845,97,261,941,650,19,427,600 
909,747,257,964,97,32,413,551,889,74 
687,797,709,624,21,43,896,685,162,819 
269,679,857,660,640,638,23,173,841,230 
110,85,898,225,222,466,642,52,255,101 
746,748,889,862,853,317,428,754,45,255 
971,621,496,973,835,85,362,675,546,813 
235,643,427,522,521,900,310,286,56,888 
515,766,686,577,775,698,724,935,231,345 
926,848,65,703,323,549,3,140,895,404 
91,505,574,871,557,530,84,977,171,762 
32,88,478,520,295,204,507,341,220,138 
209,638,981,837,535,36,681,970,579,261 
301,766,580,54,422,486,321,120,280,538 
114,445,733,408,828,117,106,329,939,761 
699,513,7,427,87,944,273,160,14,632 
535,355,510,531,771,984,533,675,322,809 
73,253,408,784,675,11,64,914,875,372 
641,492,572,842,461,549,680,343,211,416 
6,741,156,492,703,657,306,745,977,859 
45,210,227,789,911,593,631,317,255,131 
381,369,187,882,164,230,622,857,99,909 
153,15,598,955,453,851,524,411,751,472 
293,922,373,557,977,950,861,196,804,860 
92,700,405,221,403,382,702,60,174,873 
678,222,559,498,945,198,191,859,385,77 
917,670,590,331,63,591,289,412,924,988 
270,602,116,913,224,226,103,636,494,334 
714,826,747,135,793,84,443,492,414,281 
257,251,703,633,622,635,878,964,421,404 
522,805,857,395,818,174,447,734,82,433 
128,952,310,360,95,914,155,929,161,55 
525,506,258,474,51,973,147,861,679,536 
25,112,953,644,826,13,99,215,809,372 
479,160,449,336,869,806,581,477,377,350 
630,268,225,600,254,228,292,277,865,871 
45,662,851,742,551,372,284,778,546,455 
48,224,932,885,316,616,716,10,907,434 
423,6,750,14,53,216,82,151,669,837 
450,202,981,76,213,817,286,73,275,790 
236,604,914,462,212,533,733,645,46,951 
595,175,473,222,349,826,437,150,25,846 
204,905,996,933,98,293,709,149,292,512 
84,383,597,752,985,571,827,628,520,402 
887,864,18,279,731,689,504,59,887,326 
608,965,132,318,610,618,513,724,60,278 
412,932,914,999,736,769,777,265,756,188 
946,628,925,627,100,743,770,884,922,391 
612,268,60,728,985,592,297,838,942,855 
673,280,145,34,841,714,649,129,376,6 
629,12,606,559,601,466,5,1,288,697 
679,64,371,531,863,635,895,498,883,404 
564,936,615,176,865,525,381,126,429,509 
176,965,257,821,969,830,978,50,688,59 
354,727,724,922,197,609,853,803,537,352 
230,354,903,44,9,168,407,665,443,580 
0,945,622,938,908,269,645,782,145,16 
714,119,468,759,83,307,9,625,404,26 
709,191,950,841,604,247,860,486,359,219 
542,187,77,569,998,785,826,567,904,747 
229,590,119,323,867,232,82,156,153,334 
686,806,486,898,533,288,39,837,524,405 
725,863,290,941,673,857,676,151,895,504 
445,272,944,121,835,226,185,643,725,908 
361,309,432,170,904,573,513,481,699,674 
133,113,452,887,499,559,343,157,195,950 
495,795,473,978,446,517,865,144,307,110 
326,373,62,443,774,810,799,725,621,113 
237,354,498,166,410,769,134,909,739,673 
208,916,670,821,918,812,444,421,23,186 
390,412,315,876,147,338,283,778,351,366 
869,627,824,617,616,433,562,89,246,906 
627,784,479,540,968,753,130,828,837,247 
175,906,364,122,448,373,637,191,981,439 
732,450,558,964,753,155,819,980,664,794 
464,363,776,472,764,906,945,307,249,707 
678,110,238,246,619,987,855,363,968,390 
302,739,923,631,571,152,43,787,767,101 
808,336,742,483,513,427,211,330,101,592 
397,872,11,565,383,681,693,396,790,307 
599,307,739,572,222,129,232,850,843,95 
383,871,414,96,278,184,599,159,343,480 
776,932,676,629,975,194,752,471,968,392 
200,776,878,273,272,509,986,491,170,391 
116,233,985,718,494,917,259,243,369,894 
213,360,479,137,745,143,199,983,267,124 
774,715,481,943,355,174,288,90,651,953 
555,771,67,334,55,654,420,692,130,339 
841,237,81,479,764,645,841,26,990,673 
661,732,869,562,174,324,343,445,649,79 
333,96,761,545,443,498,270,868,724,464 
526,610,83,400,375,768,716,972,750,169 
688,844,10,155,960,608,242,915,56,281 
421,104,773,155,816,806,745,722,297,498 
587,709,187,645,972,243,362,391,755,160 
94,257,947,796,13,558,778,289,777,7 
578,88,873,490,853,815,202,342,441,472 
14,254,523,656,837,167,783,58,512,712 
918,256,805,981,928,157,195,144,617,570 
399,509,104,468,840,471,2,174,941,708 
198,385,551,859,241,20,97,677,241,49 
971,855,55,581,317,770,142,3,201,5 
592,151,193,112,327,586,184,85,632,31 
124,373,124,16,537,861,513,430,841,203 
342,443,327,792,99,525,500,332,78,522 
952,353,242,627,466,93,82,310,139,551 
460,92,732,109,320,123,40,456,567,377 
820,301,281,766,730,712,359,948,53,655 
7,246,263,680,749,218,398,256,142,244 
350,33,456,857,384,823,494,293,295,672 
920,41,363,870,327,148,102,450,821,277 
756,174,291,194,9,246,132,320,682,28 
31,192,685,248,90,970,4,48,889,289 
732,977,414,107,780,162,571,931,777,442 
491,396,558,102,142,628,697,88,475,218 
937,942,871,694,307,574,84,404,900,628 
758,269,297,600,70,98,66,959,385,117 
589,204,83,406,438,810,789,134,12,817 
670,212,415,970,557,106,661,889,580,707 
349,302,424,3,563,400,605,243,57,695 
463,471,374,572,107,230,704,783,611,790 
342,180,761,721,592,428,819,511,120,603 
868,26,169,491,132,920,837,733,517,265 
862,591,910,245,466,230,541,856,9,737 
621,542,874,63,176,989,585,607,45,307 
189,498,954,605,991,679,669,152,221,51 
220,872,419,138,172,827,475,295,15,553 
852,83,335,19,662,118,431,173,861,863 
112,672,739,41,912,56,744,53,592,807 
93,86,420,301,583,349,5,317,6,425 
171,589,805,26,564,81,860,851,666,732 
480,138,72,884,189,389,20,752,722,282 
224,489,306,50,675,203,803,956,685,743 
135,458,943,166,280,2,616,868,457,811 
949,502,575,226,280,993,142,760,921,937 
808,545,202,802,920,732,843,351,973,258 
974,189,818,861,958,458,90,46,400,648 
640,451,524,312,357,483,605,348,971,720 
730,718,102,576,145,398,530,423,882,92 
648,92,863,154,770,6,795,373,589,563 
416,32,23,102,307,741,14,43,202,945 
264,663,365,75,889,81,578,545,382,614 
667,158,184,742,410,660,980,617,140,602 
392,909,3,418,80,984,142,74,542,292 
243,916,336,563,861,748,699,528,216,870 
998,544,913,522,609,915,827,157,692,739 
188,53,604,544,294,201,984,661,9,394 
410,738,806,385,609,735,270,791,906,722 
912,347,375,910,594,771,648,16,263,19 
558,470,23,787,271,479,436,328,707,137 
768,409,101,267,540,980,933,287,844,997 
170,443,966,154,693,669,521,422,536,889 
706,184,781,280,177,999,948,54,914,404 
572,568,783,588,659,593,787,545,361,408 
202,412,710,415,445,361,867,721,297,398 
46,689,703,793,615,436,694,86,55,827 
507,58,265,23,915,319,705,56,359,619 
584,740,326,247,786,337,761,498,230,783 
384,504,188,749,314,978,958,662,81,755 
69,799,108,988,44,337,742,972,577,261 
948,472,576,729,587,987,2,765,367,770 
570,506,713,119,888,512,8,823,903,802 
64,346,321,585,992,687,122,185,677,401 
937,108,428,786,715,513,421,555,818,241 
707,565,763,486,104,367,333,648,845,652 
677,525,278,776,47,723,612,543,487,493 
973,986,29,209,30,311,654,498,112,907 
943,911,176,431,541,703,841,677,184,511 
308,133,702,737,63,928,395,114,828,856 
942,465,136,58,639,623,284,457,261,655 
88,504,60,404,507,172,259,313,919,460 
516,209,778,246,172,468,847,559,386,850 
899,350,949,543,763,285,893,699,122,565 
764,669,921,446,14,715,991,240,266,873 
216,720,85,371,298,530,276,737,90,464 
775,30,453,836,622,996,91,488,275,993 
477,823,622,702,727,431,623,473,593,118 
694,857,991,302,159,385,577,847,474,76 
597,159,406,163,735,80,181,485,74,838 
891,404,785,739,544,360,550,905,789,514 
140,892,667,615,0,954,375,879,98,7 
705,281,554,65,100,661,69,220,376,549 
470,419,563,929,105,29,286,621,867,448 
987,409,461,396,989,262,479,30,512,504 
946,327,183,444,886,905,508,455,602,174 
890,432,697,820,262,627,273,649,892,971 
888,279,870,491,951,76,487,826,272,16 
998,889,556,756,350,289,37,260,746,526 
914,872,966,178,169,453,616,967,838,299 
365,261,634,786,681,12,975,254,134,815 
352,92,629,189,181,400,315,437,363,93 
274,789,314,311,297,359,681,241,118,33 
380,422,599,135,45,926,888,488,513,167 
878,737,129,757,666,641,168,504,562,251 
956,320,625,489,646,440,550,316,172,36 
395,589,390,624,100,526,677,702,687,898 
175,171,307,213,48,559,792,233,714,416 
542,335,77,410,786,526,25,965,923,955 
480,418,947,990,353,635,961,948,31,759 
611,70,936,190,968,758,617,879,915,857 
319,300,380,669,720,22,545,8,848,131 
34,490,456,800,426,81,200,884,457,703 
757,52,767,794,758,804,114,87,0,760 
16,452,290,247,864,857,34,625,379,610 
670,45,328,436,911,618,493,233,392,896 
890,394,852,337,775,648,349,281,861,278 
361,503,538,871,319,671,958,903,392,910 
947,49,824,345,505,773,803,10,975,187 
780,9,166,1,489,555,335,508,114,785 
533,94,233,359,589,621,923,967,786,748 
84,777,541,416,385,930,65,681,367,55 
84,627,801,396,50,512,718,989,660,476 
633,583,494,44,154,228,517,851,66,938 
247,91,788,471,85,924,286,331,51,605 
719,666,697,204,746,805,842,459,465,659 
609,289,229,137,35,914,705,163,463,509 
367,254,50,920,354,988,496,865,891,42 
133,59,590,521,985,3,68,79,441,183 
556,26,450,946,827,185,49,430,275,871 
526,278,71,253,431,623,964,226,537,683 
434,993,81,193,826,592,576,748,59,520 
197,718,173,278,548,265,542,309,348,459 
978,381,262,395,485,196,938,212,956,175 
924,501,322,238,571,498,478,401,898,506 
322,667,656,934,446,282,986,307,803,839 
288,396,500,704,92,112,886,623,494,779 
376,431,205,115,949,371,145,922,606,195 
108,378,749,979,639,290,533,714,640,740 
429,356,56,456,491,604,499,520,893,522 
993,713,898,101,369,963,847,917,445,189 
326,823,849,792,457,238,805,790,964,962 
242,999,201,72,249,480,892,70,975,560 
255,889,293,88,8,45,763,623,709,568 
253,575,562,195,413,432,930,22,304,558 
401,95,373,753,834,151,591,73,52,241 
460,76,511,632,383,638,21,852,432,708 
27,48,442,373,750,851,861,957,955,841 
730,606,791,13,316,326,165,677,998,680 
342,42,47,775,714,923,74,782,652,853 
778,749,612,465,867,569,894,802,244,931 
288,873,184,931,633,311,675,497,629,446 
194,439,589,564,251,294,379,541,804,532 
379,60,111,303,789,935,91,273,870,868 
254,320,886,955,510,800,821,329,319,727 
751,757,798,220,175,212,956,981,327,964 
487,276,453,958,922,518,57,821,229,704 
787,318,919,950,737,643,983,961,6,264 
675,755,70,144,191,738,758,132,95,503 
33,850,16,971,949,863,768,509,77,121 
942,58,295,187,260,657,908,461,961,98 
8,407,947,330,655,986,89,261,632,931 
127,457,54,869,275,915,473,82,628,497 
292,53,642,163,199,495,456,526,676,285 
366,615,103,802,963,848,870,358,840,738 
984,258,312,687,850,567,571,938,596,995 
586,566,650,95,204,600,775,255,735,273 
388,742,451,500,646,382,552,233,390,529 
839,299,138,576,190,492,256,397,109,867 
10,582,230,15,429,273,674,203,35,614 
494,318,57,918,748,981,523,630,181,136 
347,392,316,934,833,902,94,421,540,731 
230,354,599,632,61,41,503,552,750,202 
536,201,359,408,278,71,276,207,985,151 
70,746,75,77,585,830,3,850,923,838 
404,453,815,339,983,581,690,880,316,536 
157,568,112,307,80,284,584,903,664,717 
780,172,456,898,919,269,27,551,827,719 
601,666,673,879,399,571,742,495,401,295 
593,389,331,1,288,753,117,430,771,184 
116,995,96,529,733,37,253,644,717,37 
285,986,796,782,241,141,265,356,832,693 
558,643,265,3,915,1,501,814,832,921 
658,991,628,461,145,659,459,15,17,710 
597,396,749,22,969,413,344,491,896,780 
17,328,374,800,977,678,2,404,329,718 
967,122,585,953,124,727,547,662,822,907 
750,126,349,984,903,576,739,541,81,124 
889,150,269,494,580,737,157,121,996,247 
618,446,598,420,229,40,487,870,666,708 
24,910,161,18,946,38,575,706,879,712 
577,222,96,94,592,827,588,779,72,242 
165,20,250,321,967,997,154,377,794,556 
858,947,791,308,717,524,16,73,25,131 
215,450,491,971,992,760,462,377,131,153 
750,204,169,33,391,443,32,262,387,463 
401,615,432,399,375,465,351,586,986,653 
961,149,33,784,764,936,518,608,339,887 
572,760,772,162,571,273,99,561,300,758 
788,80,456,850,350,515,906,888,18,374 
477,110,659,556,808,774,7,578,495,546 
907,78,403,516,502,377,681,432,932,431 
847,423,682,535,971,425,521,915,270,781 
667,606,693,560,347,788,609,584,889,355 
564,67,571,708,116,985,671,358,133,859 
860,727,926,438,985,480,149,32,661,196 
894,94,286,148,894,887,213,826,775,185 
54,40,12,22,437,821,204,938,404,859 
283,244,473,744,156,30,892,422,739,259 
446,857,358,277,430,157,276,896,565,258 
558,438,849,613,162,511,798,924,238,76 
56,141,809,537,550,227,493,797,472,158 
233,575,889,359,755,486,647,213,394,429 
319,934,154,98,126,254,481,186,618,965 
374,858,32,616,761,420,862,6,893,44 
464,197,202,46,168,297,792,327,678,336 
14,140,527,549,880,18,850,438,438,947 
646,524,345,738,767,160,536,595,815,924 
105,114,929,157,612,310,168,3,129,962 
550,650,130,448,458,96,498,162,889,315 
61,478,236,918,465,725,802,408,834,161 
732,42,396,793,806,403,785,810,118,618 
162,363,509,518,306,741,602,853,47,517 
854,240,489,936,322,111,429,194,908,774 
939,42,209,851,114,878,620,171,350,62 
396,233,744,56,668,90,428,359,364,816 
104,824,181,888,232,292,218,778,926,771 
898,445,806,35,409,516,888,476,558,297 
671,935,744,508,294,515,673,665,986,579 
69,667,859,847,499,640,524,142,226,699 
298,709,471,640,841,134,314,368,9,104 
233,73,775,23,284,120,904,176,488,710 
857,972,775,381,971,110,644,781,282,154 
236,599,956,755,704,133,350,137,967,427 
993,526,408,183,956,636,894,513,539,172 
500,758,189,821,543,399,340,936,371,561 
862,924,782,145,296,202,744,94,41,631 
436,938,84,385,336,526,328,152,848,298 
58,787,450,598,314,620,954,639,507,841 
197,897,763,360,218,565,922,622,852,264 
32,388,661,169,639,286,893,124,656,177 
352,199,857,49,557,992,956,452,738,241 
714,343,397,873,142,827,870,720,471,594 
296,911,61,316,662,930,101,201,506,739 
79,898,400,700,221,577,66,161,206,681 
77,319,608,4,488,877,915,279,12,142 
986,68,183,295,165,515,747,307,746,197 
219,513,627,576,934,590,288,328,100,917 
109,8,413,824,534,900,49,193,614,50 
298,417,303,653,854,332,444,374,672,864 
483,679,734,552,758,661,157,41,904,298 
824,672,421,939,176,445,242,493,901,929 
299,567,779,7,635,668,616,706,510,231