665,742,882,649,953,332,199,690,362,851 
860,499,931,4,921,91,376,740,712,481 
128,830,148,112,683,487,59,967,761,93 
669,0,494,309,7,42,665,496,384,902 
595,577,317,99,309,565,815,366,467,856 
698,529,373,40,377,526,675,160,245,497 
488,187,405,344,736,819,151,119,19,45 
4,644,131,211,65,740,466,710,417,752 
773,965,297,544,853,638,844,937,596,480 
684,582,540,715,242,169,851,837,917,468 
643,601,750,561,926,54,972,962,110,977 
603,701,98,240,32,88,789,541,375,557 
289,82,365,586,785,503,962,776,172,206 
918,109,285,687,412,152,806,165,932,273 
549,4,962,962,911,77,27,342,209,527 
944,125,214,676,716,481,123,789,7,768 
22,683,349,334,812,315,137,558,289,557 
210,156,810,626,296,706,727,735,495,118 
461,914,2,45,720,888,364,486,549,576 
447,341,101,568,791,474,397,154,72,325 
947,498,372,401,923,551,666,202,895,891 
728,124,397,905,233,290,538,714,265,479 
220,716,549,212,789,752,479,183,452,918 
911,916,782,623,294,627,698,183,492,221 
41,757,401,780,812,24,696,967,384,223 
304,990,596,885,924,952,179,656,170,991 
381,421,217,893,568,865,227,853,972,142 
842,992,275,224,439,154,855,99,613,176 
134,395,36,257,345,95,122,374,26,987 
812,31,803,953,178,796,372,244,200,28 
348,288,896,702,457,521,557,42,690,454 
555,530,753,34,906,746,382,103,362,729 
319,503,640,627,60,792,918,405,990,11 
40,61,160,202,947,971,517,187,648,871 
889,710,910,440,260,647,774,918,153,351 
496,606,228,958,26,455,890,757,177,685 
739,771,568,642,170,814,293,988,501,620 
787,639,855,493,938,295,635,806,339,745 
268,109,223,175,975,340,624,687,930,468 
831,120,854,248,819,928,495,442,715,724 
948,582,675,780,554,761,635,938,763,237 
806,296,164,140,293,251,964,886,739,831 
255,250,260,320,971,325,86,363,674,617 
266,703,814,341,644,131,860,269,581,389 
478,918,922,372,284,624,29,99,997,616 
65,963,463,321,796,140,438,199,933,823 
849,136,44,90,512,14,969,545,106,765 
204,277,83,622,611,684,226,910,419,254 
64,766,286,359,372,751,947,645,764,873 
435,736,902,737,998,848,357,829,694,984 
711,37,140,750,179,408,799,307,760,456 
771,725,440,683,853,462,211,583,885,657 
672,105,396,521,894,353,541,462,729,822 
776,293,305,810,529,98,868,73,247,733 
411,724,577,734,361,620,363,70,904,893 
598,796,406,113,437,768,813,509,171,79 
233,228,947,556,634,662,127,623,209,93 
170,453,318,548,1,732,888,693,971,921 
174,501,234,680,403,93,594,727,839,360 
934,216,31,12,858,889,799,95,170,745 
854,407,33,593,7,702,815,180,760,33 
818,677,827,315,885,756,98,18,774,492 
239,350,992,772,425,905,889,952,851,320 
462,171,543,221,787,19,384,757,423,137 
149,109,859,412,489,796,323,505,751,660 
741,785,2,267,95,239,603,65,277,412 
252,437,696,553,713,288,802,40,942,373 
573,792,979,292,931,867,165,642,880,53 
758,15,68,251,100,43,509,534,39,293 
866,427,932,394,754,848,375,111,10,861 
949,187,805,916,751,131,278,734,267,195 
873,100,444,6,727,839,377,419,328,540 
723,292,403,959,440,739,305,219,405,724 
168,396,193,881,347,497,916,742,383,457 
158,762,872,241,876,886,73,143,181,997 
115,630,618,768,997,582,580,581,969,943 
160,931,423,202,253,565,43,356,351,680 
194,496,755,67,410,568,50,802,455,200 
211,815,865,543,601,518,819,650,372,971 
423,207,443,306,548,523,87,162,970,232 
914,751,244,975,6,626,812,821,379,528 
876,69,520,652,848,779,859,721,786,480 
619,736,485,615,450,867,475,394,433,572 
898,562,219,940,937,329,355,428,880,654 
786,353,861,444,912,560,979,871,188,614 
501,140,150,162,793,532,474,474,903,221 
943,87,392,373,189,238,828,44,158,651 
659,500,531,36,965,768,367,671,910,406 
104,321,809,370,609,508,693,721,877,13 
861,407,319,743,640,869,421,927,737,146 
306,101,34,973,922,723,729,308,400,629 
5,877,724,654,145,510,216,803,542,402 
777,581,984,755,683,57,143,839,629,820 
261,977,44,805,415,692,756,819,557,278 
744,119,139,855,234,296,850,332,543,825 
113,28,754,129,44,927,208,159,911,934 
715,208,820,475,232,495,384,454,476,887 
587,848,779,384,278,896,545,323,279,416 
793,716,456,883,914,683,903,421,218,967 
638,55,99,160,105,37,730,959,823,486 
118,84,890,792,173,772,169,869,578,981 
117,414,803,535,529,106,879,600,762,858 
301,636,134,973,727,536,769,299,597,697 
250,336,30,686,236,624,978,159,632,545 
43,496,64,985,249,333,918,245,692,780 
499,491,716,330,812,228,709,587,47,321 
231,674,987,441,25,256,29,413,173,637 
263,41,439,928,147,919,223,125,37,768 
22,418,774,954,885,885,309,617,912,446 
88,867,722,20,240,493,306,687,282,923 
187,658,562,856,298,579,170,90,368,640 
361,864,455,727,439,364,522,418,499,487 
245,325,455,381,635,669,956,22,774,991 
335,70,400,570,645,2,72,371,843,551 
921,595,541,849,493,23,784,244,191,827 
196,739,550,771,449,3,469,216,586,843 
159,724,791,122,624,666,788,508,622,852 
575,290,534,379,567,158,820,357,456,40 
706,614,291,928,369,581,489,281,894,729 
400,757,539,937,31,450,974,325,627,345 
39,356,20,992,891,538,682,411,566,998 
73,35,573,926,635,778,593,711,20,386 
496,308,633,258,325,282,234,140,256,967 
358,566,256,941,94,115,940,822,762,837 
377,861,871,985,294,215,202,334,171,956 
182,507,824,350,81,365,634,997,205,443 
552,804,298,806,467,91,808,159,252,594 
210,991,112,143,295,917,830,789,906,40 
538,169,946,801,946,929,699,803,485,164 
835,978,627,288,33,757,86,140,407,474 
480,42,440,373,72,792,12,532,452,364 
841,346,434,354,76,686,73,467,349,391 
730,731,17,895,68,823,880,304,117,906 
14,967,476,707,687,44,843,348,827,587 
395,809,818,898,631,298,793,831,282,215 
562,406,997,696,770,884,761,230,747,331 
930,601,474,586,788,559,115,487,967,214 
664,228,838,846,601,652,878,270,77,832 
890,393,790,43,939,445,651,878,340,896 
895,840,819,711,814,54,355,52,736,715 
295,835,206,36,2,697,354,867,978,66 
859,637,514,781,621,386,30,214,559,121 
922,849,342,693,723,781,31,801,119,253 
786,83,800,878,554,351,315,917,464,387 
439,473,967,130,265,200,603,704,917,57 
459,625,926,165,45,118,70,490,184,717 
402,469,565,995,669,156,183,137,997,358 
121,33,682,920,199,827,146,740,612,784 
473,863,682,778,822,352,849,318,217,264 
830,351,393,963,565,560,682,257,626,838 
771,88,264,800,389,410,492,308,640,239 
660,655,8,719,441,616,612,310,260,673 
999,292,117,875,47,920,342,430,99,616 
398,66,474,136,937,300,958,180,349,0 
576,796,7,232,237,843,388,782,429,860 
876,388,756,978,552,5,906,337,804,223 
13,190,111,280,662,840,16,474,497,938 
883,53,110,703,65,759,580,160,510,690 
445,68,291,562,485,485,283,417,164,331 
947,449,323,143,963,62,411,270,745,894 
864,936,181,557,877,844,142,345,698,682 
651,999,888,332,534,232,796,786,387,43 
714,664,359,472,769,799,572,966,356,61 
944,170,913,329,228,806,250,319,90,657 
697,532,848,664,393,255,986,17,487,980 
612,47,144,286,820,439,475,833,198,270 
983,209,321,181,231,850,559,362,74,837 
146,124,824,363,345,474,797,689,58,201 
506,640,17,681,705,728,839,34,886,489 
494,704,502,398,400,224,567,230,472,350 
670,384,264,869,520,762,889,858,504,110 
417,13,751,314,535,44,482,403,242,62 
877,701,799,81,278,704,425,57,220,939 
555,670,685,558,593,872,31,127,429,306 
126,675,29,576,108,998,313,278,399,929 
690,982,373,511,510,501,546,172,712,859 
114,962,901,726,194,578,17,274,616,747 
664,943,331,146,624,342,12,287,444,753 
148,783,595,799,600,995,751,152,976,893 
330,779,77,906,745,378,240,312,557,662 
303,365,591,5,442,801,344,564,956,34 
955,882,421,610,682,140,276,783,116,398 
226,254,873,412,914,485,84,406,588,932 
359,393,72,823,197,0,784,371,568,62 
823,330,59,462,581,277,881,41,596,125 
612,811,997,157,738,339,572,688,842,365 
234,931,788,246,56,598,911,595,465,92 
508,735,809,996,847,207,306,4,405,219 
157,513,417,379,669,694,969,875,159,926 
70,29,333,767,753,226,338,373,384,484 
273,960,695,795,230,916,652,954,238,699 
859,805,274,553,256,9,949,147,251,416 
519,316,460,328,875,934,592,231,195,250 
789,510,123,36,767,190,267,597,205,811 
149,86,933,812,639,671,372,27,299,233 
994,591,673,78,610,348,414,483,447,172 
565,238,505,52,676,250,423,245,482,396 
999,326,525,322,625,59,560,143,329,851 
9,405,403,171,744,639,985,947,627,602 
184,170,798,96,265,748,280,968,347,828 
986,77,613,198,648,289,201,942,409,958 
661,615,468,410,747,273,456,692,71,842 
614,319,345,991,570,90,632,168,67,345 
879,678,180,52,780,65,707,625,635,202 
247,584,929,369,487,620,196,484,486,9 
512,725,554,422,36,967,595,161,587,357 
505,849,943,743,934,884,880,122,162,237 
489,938,189,225,812,286,592,431,524,872 
717,858,895,136,892,972,807,845,999,16 
670,47,805,172,207,955,155,529,652,228 
721,849,809,275,176,204,423,634,537,671 
477,162,129,530,185,559,856,691,468,437 
585,452,356,714,436,62,483,848,375,561 
860,148,635,985,278,864,315,262,481,561 
143,320,901,718,646,469,385,494,746,233 
881,836,413,129,586,682,842,676,431,903 
150,590,469,159,606,978,27,557,274,627 
947,895,598,759,238,414,81,513,908,993 
94,321,761,485,280,570,803,531,675,776 
559,214,709,492,603,607,540,174,606,455 
121,926,516,752,425,862,134,728,165,80 
526,411,759,487,152,469,741,212,923,17 
178,344,639,464,823,17,241,137,145,467 
354,657,44,356,222,272,926,627,767,824 
790,310,970,146,434,23,569,247,208,971 
871,663,973,567,955,866,225,79,236,865 
563,204,995,728,760,280,709,642,687,161 
175,505,280,841,116,472,547,710,330,423 
478,562,803,499,102,169,23,183,597,722 
471,163,772,645,468,583,136,607,110,68 
161,869,473,703,688,186,521,667,110,998 
974,442,977,454,378,239,297,898,496,243 
465,600,935,451,322,450,91,850,113,837 
629,24,664,577,952,479,953,232,596,637 
375,493,633,483,559,811,481,81,820,111 
184,947,193,707,639,596,438,431,307,654 
765,478,205,995,383,914,970,188,736,29 
27,131,137,478,255,934,548,252,803,291 
145,570,212,466,807,511,452,268,391,673 
712,518,962,709,954,906,275,701,98,882 
631,238,119,161,681,685,900,840,794,182 
653,538,766,529,48,885,305,169,777,302 
584,450,374,103,700,135,321,847,208,517 
620,822,892,399,270,651,947,406,171,613 
879,637,331,354,541,783,313,679,2,893 
795,373,84,112,313,300,197,543,430,223 
642,118,164,555,291,731,844,301,819,422 
442,143,318,308,191,703,514,768,1,693 
254,647,605,870,592,222,853,810,211,570 
260,6,613,380,437,478,782,63,276,971 
988,399,324,181,676,480,168,741,115,56 
765,898,930,162,228,182,600,904,854,187 
513,148,24,168,604,555,525,666,851,639 
131,633,51,351,341,272,35,789,384,552 
802,763,274,58,249,59,452,239,935,858 
392,374,235,968,717,0,964,943,215,4 
341,518,844,546,772,193,793,806,857,558 
411,852,228,710,202,714,967,750,240,366 
739,817,799,524,678,788,112,780,265,173 
367,471,984,745,420,708,523,489,413,27 
306,296,438,724,85,563,603,941,449,910 
452,87,342,79,503,84,741,929,924,671 
911,304,961,431,361,51,998,705,652,595 
675,441,776,358,837,974,633,368,31,967 
209,344,957,534,117,490,452,975,412,94 
702,452,634,540,409,969,299,385,191,255 
730,211,144,615,617,662,955,972,971,296 
92,749,109,863,351,278,580,733,58,459 
824,13,441,360,589,117,27,96,610,439 
234,608,154,702,64,942,920,321,940,67 
768,615,52,739,369,632,293,653,814,236 
486,571,884,242,202,992,693,391,771,840 
138,777,668,417,312,46,319,164,42,694 
142,264,548,866,45,35,527,823,227,438 
448,579,866,932,604,435,508,910,446,46 
189,966,144,778,608,286,472,913,898,565 
953,231,962,445,139,619,98,788,525,368 
535,500,359,214,451,673,764,874,172,247 
220,135,582,166,535,127,715,723,53,786 
539,148,379,553,166,759,161,208,414,383 
542,630,658,861,924,746,45,791,329,139 
422,967,866,844,896,291,364,115,105,780 
621,437,111,613,188,520,286,434,897,259 
231,74,791,102,315,723,550,58,725,377 
141,204,453,754,29,731,552,1,833,899 
605,500,146,750,778,957,142,983,661,922 
744,106,344,153,771,315,787,267,143,929 
429,515,263,727,765,156,761,863,818,452 
796,403,491,593,160,482,121,407,855,835 
752,715,690,336,508,614,590,314,433,649 
973,165,954,354,456,120,851,537,914,132 
170,513,760,694,384,318,13,427,158,855 
634,567,730,840,482,866,441,672,932,919 
550,945,666,729,761,601,558,237,851,860 
836,127,389,444,274,250,272,6,827,471 
399,458,700,168,880,327,366,874,2,936 
202,269,889,879,586,506,828,141,940,768 
800,819,362,226,749,383,580,688,286,279 
104,209,902,787,887,138,390,106,320,653 
611,620,202,329,924,271,171,730,273,425 
262,901,126,680,649,907,303,489,244,751 
15,411,781,525,425,559,777,8,303,127 
53,688,32,760,459,727,883,381,823,87 
586,689,969,466,459,56,837,804,792,819 
102,41,158,639,241,263,874,97,437,95 
399,960,849,758,93,990,718,626,27,28 
419,548,709,834,776,921,200,928,594,267 
402,43,828,770,479,207,63,795,143,838 
224,235,107,266,336,331,70,813,873,567 
136,90,947,284,76,591,87,766,604,178 
155,387,219,781,540,808,696,223,482,390 
954,808,381,456,823,697,885,755,767,942 
751,578,845,697,715,789,21,301,626,278 
368,259,597,281,349,708,897,837,67,91 
903,770,385,614,232,745,262,121,749,426 
148,207,100,87,598,887,678,139,35,511 
182,661,851,87,236,959,206,468,704,822 
108,511,50,717,159,577,509,642,92,230 
828,477,73,996,444,977,96,414,930,336 
329,521,862,287,462,50,572,283,168,233 
955,62,176,591,175,786,855,744,585,929 
22,4,654,142,234,672,244,388,951,75 
433,450,965,416,630,999,368,24,177,967 
937,721,384,834,466,990,369,789,191,796 
711,600,336,79,230,411,787,359,463,606 
894,26,552,67,386,503,891,42,203,500 
182,913,268,965,98,454,775,882,821,506 
26,187,515,68,125,266,385,351,760,46 
554,153,898,479,10,305,3,595,352,571 
35,596,360,940,916,387,70,221,842,717 
119,270,684,16,281,816,322,811,867,254 
117,648,143,49,438,526,588,23,358,695 
993,384,869,242,283,956,447,78,71,308 
640,389,371,907,648,880,414,281,482,76 
8,221,582,393,436,259,78,155,363,705 
510,119,370,762,221,724,651,310,248,787 
457,598,949,84,148,23,572,230,629,19 
610,395,836,670,7,278,373,835,88,634 
681,548,823,784,504,176,238,804,51,148 
282,845,696,401,692,183,8,637,771,887 
162,209,493,458,698,14,37,26,796,85 
190,198,218,154,869,925,510,404,764,383 
201,796,123,664,41,999,985,258,593,697 
921,470,226,208,672,222,95,130,298,826 
327,716,940,701,236,33,724,467,688,795 
668,505,655,896,182,289,111,260,761,705 
500,471,834,631,720,675,918,891,207,693 
259,385,113,541,831,745,209,867,848,453 
370,192,634,135,594,814,223,532,750,365 
456,184,428,756,10,911,544,288,812,285 
446,443,669,188,710,396,778,824,14,886 
837,960,97,936,217,746,261,562,426,35 
963,422,161,691,799,146,101,985,223,897 
309,120,240,536,826,941,955,492,690,604 
79,189,927,310,144,535,494,633,590,630 
26,980,8,907,249,86,359,999,743,298 
15,274,518,728,248,713,919,411,19,522 
418,922,792,693,906,294,380,225,252,319 
775,647,453,491,931,583,163,12,145,46 
228,325,102,81,467,633,571,792,953,552 
994,489,623,910,988,920,834,329,175,737 
664,688,797,642,150,259,304,63,924,51 
489,883,616,926,552,343,615,438,165,507 
330,32,717,703,189,28,120,820,579,470 
999,547,389,279,76,665,137,704,345,735 
151,485,434,450,391,738,711,643,934,645 
417,605,848,239,526,197,959,864,784,963 
345,110,599,557,624,650,479,10,722,111 
668,34,913,655,442,47,133,188,33,271 
269,184,469,529,525,138,859,914,802,134 
56,291,776,351,628,785,932,435,523,96 
781,243,228,733,277,590,907,807,454,609 
265,40,392,701,619,486,847,316,424,304 
401,41,595,127,348,548,25,740,558,239 
516,120,247,529,126,571,392,20,210,812 
359,380,244,306,730,678,200,317,657,826 
559,396,544,655,559,628,746,810,746,673 
633,283,190,724,626,412,93,313,30,990 
338,804,330,353,588,864,272,184,536,883 
942,47,182,881,916,11,574,188,468,204 
995,693,866,761,333,377,859,64,293,683 
250,16,393,642,620,125,591,135,973,887 
646,789,92,32,24,181,145,216,637,540 
959,447,41,116,365,374,20,180,670,658 
106,837,824,134,849,706,786,123,232,794 
270,151,112,366,982,944,586,9,58,819 
903,681,248,710,311,433,349,510,625,504 
255,997,57,954,485,91,871,56,366,656 
220,526,686,220,88,714,479,627,847,220 
84,176,570,542,289,149,649,409,646,892 
238,49,58,78,413,774,340,653,623,65 
109,719,806,871,194,906,835,773,133,846 
691,16,26,732,832,31,711,257,795,848 
429,758,519,507,236,288,298,311,3,359 
629,623,748,61,794,121,909,716,44,435 
795,20,682,682,873,945,990,224,431,397 
26,433,438,623,202,290,967,127,180,631 
939,84,540,824,205,117,508,623,652,656 
737,168,853,154,961,629,221,300,744,517 
963,590,553,409,572,634,481,387,48,216 
688,283,834,186,489,399,118,91,601,654 
194,408,844,273,695,315,842,606,601,32 
817,395,609,295,956,107,604,165,417,464 
572,766,689,606,228,147,368,800,81,611 
636,457,668,378,474,168,820,379,428,689 
721,163,422,636,923,500,264,373,385,42 
294,455,757,750,699,645,812,516,821,983 
268,883,401,925,310,928,751,611,794,903 
616,729,90,784,868,366,119,698,360,1 
527,726,972,35,761,939,203,988,247,585 
627,72,9,764,645,670,603,535,502,125 
900,850,596,475,719,58,948,428,455,460 
856,907,748,606,439,400,874,769,116,686 
856,230,448,896,806,940,650,383,335,211 
653,178,622,393,627,907,213,719,21,434 
209,719,68,664,697,108,482,66,869,541 
642,400,268,271,606,937,653,422,126,717 
239,120,278,871,436,735,537,596,176,385 
730,772,576,590,33,116,501,173,546,430 
735,202,977,438,638,696,882,809,36,735 
989,380,135,58,366,14,594,377,682,875 
819,678,598,231,503,789,810,67,498,132 
539,998,331,189,870,907,43,573,343,363 
350,194,753,935,474,957,369,77,332,681 
267,84,371,392,334,301,812,409,123,400 
748,823,416,976,364,481,212,468,230,305 
299,691,286,460,880,227,332,125,498,166 
790,830,663,330,739,988,54,380,650,877 
105,752,912,937,887,927,176,546,247,141 
188,634,824,877,650,536,374,396,747,102 
422,231,989,257,907,866,791,270,993,999 
476,334,671,894,17,958,482,495,433,501 
700,881,945,90,707,510,77,746,573,925 
552,307,281,595,347,352,81,736,373,194 
829,434,272,431,185,800,956,41,46,444 
157,621,37,989,312,271,135,904,891,455 
75,99,329,434,399,471,205,119,343,39 
750,811,204,49,905,604,571,767,685,831 
702,754,135,199,488,45,269,843,394,313 
624,58,971,802,978,205,908,989,407,209 
961,468,577,991,571,536,499,474,10,402 
95,813,16,502,483,270,193,84,53,963 
190,308,855,831,921,357,455,177,123,675 
477,626,513,403,559,329,405,316,610,308 
137,427,70,357,262,218,428,335,626,951 
420,259,512,757,774,883,714,305,362,738 
833,435,748,279,813,39,831,428,512,999 
922,671,660,111,495,900,373,372,408,77 
585,426,909,39,356,16,464,834,433,810 
722,317,986,531,838,427,296,965,267,134 
870,255,287,726,296,641,630,870,585,695 
386,652,258,880,804,123,222,898,97,487 
578,115,761,28,642,822,848,570,638,881 
783,73,460,87,877,894,528,534,86,687 
38,39,854,921,855,990,335,139,1,445 
669,822,441,577,587,291,325,400,31,65 
508,6,952,746,742,627,496,585,352,922 
876,515,151,896,856,783,926,935,103,682 
579,7,880,739,731,632,421,832,230,686 
341,756,541,689,113,390,352,767,356,166 
884,705,115,846,713,983,60,978,930,825 
690,166,6,539,614,883,507,211,466,590 
650,258,64,277,677,701,695,383,805,232 
845,230,137,526,744,371,744,726,798,879 
847,69,908,714,558,133,803,346,605,743 
639,721,437,674,962,210,793,679,142,322 
122,968,167,408,954,597,846,856,72,691 
82,986,698,298,984,393,721,313,356,563 
190,320,640,268,442,89,617,423,915,363 
641,42,403,445,790,645,411,308,394,719 
92,849,364,45,742,962,219,256,529,795 
411,794,977,137,824,220,351,683,119,263 
570,461,164,901,732,154,486,499,896,789 
943,198,370,676,680,246,943,554,233,68 
363,832,901,331,994,935,828,718,318,892 
770,422,815,888,548,878,624,779,51,613 
838,493,698,399,940,560,298,793,521,813 
668,319,43,370,606,459,365,709,527,516 
580,88,724,817,655,465,645,8,213,516 
618,904,760,743,582,991,103,514,230,369 
249,881,675,806,909,279,698,678,519,72 
269,11,997,12,939,491,199,579,274,753 
157,649,533,751,450,112,216,138,510,180 
360,706,354,695,840,733,133,554,950,383 
939,940,980,535,324,706,530,425,243,235 
672,747,165,559,241,207,641,532,420,660 
447,572,140,265,113,510,663,24,790,943 
556,162,821,925,181,788,479,264,316,718 
789,605,554,436,832,0,619,843,264,302 
861,849,404,397,142,961,232,816,317,626 
277,34,385,548,738,830,655,598,416,905 
487,734,811,149,325,438,332,226,237,207 
107,763,823,101,498,635,939,599,909,754 
110,449,726,280,602,328,797,484,659,241 
356,737,94,270,184,110,956,334,123,248 
508,864,455,455,639,20,589,890,21,814 
747,455,477,216,228,19,953,426,458,746 
680,905,326,36,317,33,512,173,252,112 
274,366,109,41,182,125,369,465,480,454 
865,610,351,516,86,786,301,961,28,879 
13,21,903,361,756,206,23,740,296,845 
784,864,453,545,394,623,262,394,960,890 
825,387,388,760,243,701,711,748,451,437 
693,842,443,889,463,191,624,724,282,930 
114,299,621,386,63,867,393,45,651,26 
249,913,162,550,80,499,813,773,209,939 
859,819,986,528,567,186,706,453,423,945 
817,991,861,995,319,954,166,82,380,71 
879,816,439,428,720,226,538,88,769,857 
746,65,824,935,293,988,997,315,988,448 
565,712,584,16,210,648,465,779,188,112 
145,698,512,425,182,165,886,587,135,314 
969,445,358,963,664,69,692,883,497,248 
442,909,653,367,179,160,103,447,79,51 
422,179,370,65,881,120,676,217,738,581 
377,509,643,357,696,421,853,666,705,464 
200,519,616,110,965,850,366,20,447,964 
510,356,663,182,525,17,815,299,410,428 
814,940,654,566,50,108,885,467,916,376 
498,823,413,434,89,600,31,723,85,439 
310,738,354,988,581,878,165,853,404,731 
647,906,431,796,720,0,995,342,552,929 
489,109,321,61,397,694,905,127,320,239 
636,757,801,542,350,629,874,837,869,377 
526,887,133,479,537,66,981,888,840,449 
566,923,440,660,636,29,730,990,389,366 
947,859,991,955,26,92,174,868,979,441 
579,10,233,569,952,735,216,145,695,89 
503,111,3,148,36,217,118,683,242,487 
185,499,262,810,634,940,335,607,40,965 
100,948,42,323,599,742,917,710,87,77 
740,232,523,636,170,58,170,872,707,308 
176,341,48,993,219,736,825,621,508,596 
133,164,784,420,13,49,558,674,31,751 
187,330,999,39,649,814,511,999,630,878 
6,67,201,267,903,475,335,345,336,121 
4,711,499,77,533,196,274,215,73,96 
315,88,968,988,899,293,500,7,751,233 
20,741,837,61,856,630,369,223,670,17 
836,541,682,419,478,316,301,40,44,289 
301,261,885,163,962,367,230,555,96,371 
253,994,24,531,155,5,529,578,723,143 
444,764,407,916,469,989,641,845,389,85 
863,324,500,788,152,381,508,175,507,888 
113,663,638,359,189,667,108,192,520,754 
920,800,684,871,702,738,838,105,345,411 
353,141,223,235,228,874,520,379,372,321 
621,85,412,111,374,804,592,457,52,649 
354,819,645,863,451,389,61,68,251,330 
186,628,284,814,368,195,280,699,962,535 
604,96,986,256,180,639,792,805,909,641 
887,228,865,729,53,422,853,569,561,685 
407,669,846,962,651,978,438,863,213,266 
794,830,536,8,957,164,813,802,449,782 
240,216,465,670,316,175,389,90,990,450 
548,369,558,157,668,379,986,63,485,620 
966,317,755,476,894,861,50,206,948,965 
484,787,228,672,22,522,332,194,745,839 
113,113,883,205,69,664,662,1,61,992 
889,989,823,21,978,301,976,555,13,377 
283,708,214,999,638,407,330,925,583,877 
523,576,348,771,891,28,607,72,784,665 
208,394,830,174,364,937,330,964,796,543 
58,298,856,658,74,448,874,120,409,546 
520,310,938,747,865,525,438,827,472,209 
359,791,254,895,328,324,402,907,944,111 
508,523,357,339,623,908,149,888,252,695 
775,141,315,847,432,315,157,753,898,765 
797,568,815,959,828,909,227,314,20,352 
103,873,36,869,810,459,562,965,754,725 
624,704,952,507,109,732,209,363,227,133 
585,215,456,473,867,693,926,150,803,612 
838,731,684,381,290,400,669,780,799,826 
790,569,49,335,944,463,800,594,323,673 
937,988,321,468,632,40,255,245,976,776 
316,847,493,281,714,264,272,0,786,346 
874,583,316,305,228,721,955,878,507,389 
935,79,97,746,116,48,246,528,152,50 
94,886,778,622,467,518,782,335,787,953 
957,697,933,320,137,794,757,672,494,315 
503,577,907,458,776,659,392,408,183,78 
954,74,19,68,778,390,14,533,971,148 
95,103,706,134,358,672,312,614,72,706 
75,834,298,577,723,974,114,812,24,519 
256,61,336,583,836,15,406,402,370,187 
406,684,344,679,461,565,952,436,382,618 
752,602,183,360,671,978,50,823,994,391 
159,314,541,650,271,999,709,49,355,423 
297,612,635,675,121,660,706,408,751,191 
703,353,866,588,662,905,658,263,925,537 
5,306,515,148,408,705,138,44,305,504 
357,744,745,499,605,517,671,145,638,14 
216,974,606,113,26,836,309,247,799,942 
863,968,592,64,551,873,335,174,446,155 
814,655,553,625,957,701,832,774,230,804 
907,16,630,205,431,853,428,935,654,288 
979,656,133,56,324,885,14,694,701,220 
462,192,702,378,737,967,682,670,529,857 
842,264,942,916,941,424,567,864,716,487 
415,448,177,476,122,757,552,893,830,222 
422,567,583,871,790,901,299,293,499,801 
612,172,775,754,171,246,753,986,306,544 
661,466,146,34,814,36,755,866,207,189 
890,206,463,701,780,628,106,516,33,616 
412,435,444,266,768,404,583,192,407,47 
931,207,836,915,492,770,468,157,355,653 
300,127,838,625,586,152,434,723,773,372 
649,315,265,536,758,502,698,788,612,97 
266,437,455,539,45,886,938,125,969,498 
559,568,100,113,982,107,398,237,781,776 
685,127,445,954,310,491,885,37,257,597 
887,66,798,590,289,846,988,135,334,22 
81,560,27,456,291,134,974,897,748,231 
912,319,780,675,331,2,304,705,590,612 
809,146,653,985,752,135,565,709,501,162 
454,185,334,259,906,746,348,50,618,310 
306,939,279,355,239,371,773,190,810,733 
84,221,557,658,528,994,883,891,449,620 
267,140,501,459,982,846,688,768,237,385 
558,391,731,757,455,882,633,51,33,891 
33,29,716,325,835,726,470,247,371,519 
982,663,755,943,54,39,92,518,170,655 
280,279,502,591,307,128,396,598,992,655 
921,260,40,875,417,992,461,683,9,855 
492,471,691,650,737,777,735,514,188,607 
156,251,522,425,398,762,999,145,961,804 
934,243,11,861,35,579,64,338,871,206 
287,851,739,406,714,944,272,253,75,999 
19,53,265,824,22,977,610,821,385,188 
290,377,960,140,906,411,558,858,892,551 
911,49,771,945,267,209,231,927,278,951 
573,363,348,683,430,217,714,157,862,723 
655,60,676,815,458,933,258,945,197,180 
290,506,151,682,824,541,128,764,647,666 
909,787,371,489,283,197,662,620,824,600 
958,465,197,574,459,299,216,562,774,812 
413,597,421,913,876,916,148,50,607,570 
245,172,882,678,936,701,517,129,989,420 
637,214,30,634,358,110,954,297,5,895 
932,31,281,480,154,862,778,155,529,372 
338,344,846,106,609,490,832,212,212,505 
961,268,933,899,562,394,621,143,54,124 
430,96,607,126,110,562,245,447,189,812 
709,664,647,346,862,473,565,405,95,617 
510,265,243,401,116,252,943,78,377,398 
970,282,623,553,707,846,46,118,697,134 
617,689,907,273,610,283,184,115,828,210 
392,9,215,15,978,592,205,187,143,154 
859,95,947,574,668,118,260,130,839,753 
618,968,1,368,279,75,37,704,768,853 
896,949,849,894,153,61,55,875,981,198 
519,336,745,101,356,3,280,556,670,431 
477,31,789,473,202,780,460,163,726,908 
811,419,870,562,133,679,426,735,433,911 
48,936,851,950,510,365,874,919,752,598 
21,520,922,764,710,621,336,969,504,580 
89,165,917,681,433,582,728,414,917,59 
962,600,882,77,392,432,494,194,689,60 
208,264,197,410,492,91,432,264,750,691 
254,283,48,868,617,315,727,59,414,535 
103,34,86,258,206,753,856,505,30,42 
379,23,476,974,346,704,214,160,224,390 
314,310,762,627,321,120,660,876,730,903 
227,686,827,291,874,473,410,672,889,725 
921,854,647,684,864,444,680,118,700,121 
481,971,6,238,384,489,791,707,873,154 
239,797,387,288,149,296,970,392,584,863 
893,49,747,749,487,407,959,23,43,729 
723,488,64,451,103,688,732,560,494,986 
685,383,946,993,186,25,737,622,769,933 
548,992,449,248,409,657,735,492,334,937 
575,220,526,938,176,417,313,7,250,868 
643,873,923,97,814,759,420,428,627,137 
163,306,852,313,266,463,493,775,60,407 
217,912,664,603,785,474,430,971,447,919 
942,642,737,491,272,314,617,163,262,493 
712,244,621,341,515,645,435,9,54,451 
506,980,124,527,306,251,897,725,693,219 
991,716,372,341,700,821,247,535,709,625 
82,336,411,292,315,8,396,520,335,802 
389,576,300,415,755,2,681,103,969,151 
770,822,203,450,872,218,880,114,701,781 
207,990,69,419,721,492,568,96,436,127 
956,855,479,547,455,635,497,77,82,4 
789,491,736,73,288,797,726,860,426,143 
326,966,274,661,387,87,684,602,369,738 
446,4,44,91,1,895,390,622,955,908 
351,509,313,182,236,262,689,274,858,967 
581,88,388,975,996,426,889,410,650,815 
961,488,368,837,677,362,879,897,182,370 
677,228,29,63,794,140,26,234,876,939 
681,296,358,497,526,883,415,937,609,143 
951,370,316,151,612,812,122,897,11,981 
706,381,851,591,656,941,410,976,165,225 
291,694,725,890,127,773,766,824,456,470 
224,339,69,765,464,154,391,727,6,412 
299,870,999,49,16,115,189,195,784,991 
417,814,331,654,619,593,182,256,552,241 
11,101,291,273,66,637,862,543,21,81 
135,838,138,881,48,715,985,891,110,678 
229,429,115,71,560,527,31,386,326,72 
298,193,316,107,388,237,713,549,173,593 
562,846,368,307,268,306,322,207,426,835 
769,177,359,973,695,87,45,830,590,649 
676,623,749,406,438,835,48,428,775,251 
239,859,433,227,629,623,334,893,968,561 
359,32,408,505,961,452,120,353,359,285 
306,361,898,690,479,418,54,41,292,161 
238,384,592,147,424,570,442,879,498,61 
455,645,668,636,313,657,335,726,91,771 
347,474,864,878,254,748,76,907,632,569 
298,481,212,667,693,555,913,385,946,855 
183,622,474,214,172,93,110,613,966,654 
547,199,963,607,229,884,484,722,975,979 
608,215,40,151,716,278,577,801,545,507 
387,674,742,886,398,970,956,261,133,42 
369,969,197,994,179,906,59,624,86,16 
237,751,729,695,880,928,323,606,889,615 
411,132,432,484,325,615,591,228,480,690 
232,179,204,42,580,497,369,566,96,422 
858,329,257,915,224,670,8,975,564,262 
137,826,796,720,613,689,967,206,272,479 
428,967,357,301,563,319,141,222,343,160 
758,961,115,346,184,107,546,646,75,856 
131,563,516,998,265,691,950,78,624,942 
237,88,283,865,934,35,3,474,499,46 
818,274,11,669,470,967,157,915,344,941 
964,320,676,649,606,215,363,994,991,279 
37,116,835,708,866,746,73,729,271,943 
195,220,702,105,977,807,53,651,365,94 
857,278,233,418,684,699,157,833,545,239 
148,167,120,356,854,349,189,288,697,364 
963,883,688,30,694,418,342,954,830,771 
923,610,687,93,861,602,70,30,218,151 
662,936,282,418,711,985,793,952,752,405 
18,463,284,850,719,631,656,328,500,610 
524,259,756,586,944,182,84,269,558,526 
75,927,549,176,395,85,374,296,865,425 
735,31,535,255,197,912,91,643,454,583 
329,844,172,670,764,545,310,534,537,983 
840,62,44,804,3,475,876,835,208,37 
137,236,461,321,134,775,50,16,593,109 
765,427,168,347,937,897,638,988,45,783 
482,978,161,915,672,305,916,13,385,624 
536,219,830,901,575,895,242,923,111,607 
101,970,761,368,716,484,367,296,670,536 
755,631,986,460,684,753,556,787,803,379 
806,401,373,607,923,303,81,806,87,816 
689,200,986,255,397,67,499,322,98,998 
745,943,786,289,189,233,525,667,331,79 
478,119,143,521,280,540,621,744,927,0 
185,737,531,632,132,910,238,535,536,26 
759,864,731,574,399,297,231,308,385,902 
986,79,71,631,313,733,311,72,255,523 
492,515,404,35,737,195,313,692,584,399 
639,342,561,802,871,857,158,555,556,369 
83,342,52,808,723,726,750,928,285,381 
214,251,286,993,20,265,839,685,282,117 
431,945,212,325,556,319,593,308,667,188 
472,341,751,974,358,598,30,72,915,463 
142,927,365,349,711,752,701,744,42,577 
181,173,439,696,322,400,821,724,895,667 
305,510,311,219,226,299,180,309,819,961 
333,373,343,275,281,30,987,467,723,179 
389,580,542,800,379,889,927,14,894,980 
138,713,606,351,677,176,686,65,729,705 
839,5,214,958,451,77,830,0,792,55 
466,414,629,313,768,778,536,838,182,560 
725,861,560,492,796,546,534,351,665,707 
857,781,87,217,804,407,782,617,807,64 
160,934,662,718,116,549,168,494,402,493 
443,372,646,920,469,566,631,659,310,676 
247,894,41,847,748,608,841,123,869,498 
584,90,297,614,995,366,64,100,49,546 
157,824,298,573,907,716,276,37,581,470 
617,740,818,757,285,794,605,413,27,686 
282,373,910,930,53,825,565,474,421,801 
128,32,205,869,399,464,306,435,874,827 
112,335,451,738,536,950,544,289,284,62 
28,701,404,757,205,243,368,685,56,183 
501,145,592,150,493,495,678,592,367,474 
67,901,629,18,304,299,284,850,534,937 
271,599,898,852,124,352,232,683,920,941 
768,384,606,584,294,198,834,466,603,594 
796,484,177,583,808,396,644,858,643,304 
60,935,824,850,735,733,383,391,100,445 
431,245,1,746,627,681,22,701,416,755 
170,961,23,663,307,917,581,984,884,259 
55,338,502,229,411,868,113,783,290,857 
636,252,714,274,600,336,344,681,714,55 
907,924,400,209,299,804,227,371,871,874 
194,795,302,637,47,824,774,298,43,443 
425,656,260,878,741,518,255,951,770,516 
521,8,158,875,343,47,476,954,37,341 
740,606,755,582,579,125,84,348,779,663 
888,895,134,73,418,93,908,927,915,930 
180,301,629,892,446,307,4,590,351,171 
830,943,110,264,132,262,419,469,280,245 
503,750,806,983,551,783,95,102,146,456 
953,325,730,665,586,39,959,544,347,155 
439,244,930,605,258,820,95,865,385,938 
360,862,342,101,256,981,7,543,130,461 
4,173,843,317,520,636,565,725,229,134 
880,873,912,520,604,650,107,279,745,467 
145,767,735,941,108,944,930,271,874,93 
189,366,278,794,199,629,707,305,706,817 
164,641,384,996,614,276,832,980,359,124 
839,175,23,809,242,941,396,697,439,329 
45,28,20,597,780,843,607,138,78,333 
292,657,503,734,845,617,54,908,196,797 
776,287,427,217,632,356,157,49,812,702 
85,678,594,890,308,366,138,5,584,535 
957,4,824,415,747,111,148,723,955,11 
393,618,883,52,339,886,871,819,130,102 
534,681,495,627,328,216,680,469,83,506 
687,480,517,529,569,913,156,210,490,599 
137,343,957,200,243,663,561,753,880,235 
56,593,206,80,161,90,264,989,861,565 
644,584,623,810,953,553,604,857,998,618 
305,168,421,905,300,281,854,868,411,334 
840,104,849,700,226,782,511,722,248,51 
255,428,841,90,523,992,181,552,36,76 
556,211,999,906,506,920,881,306,526,520 
604,970,73,926,161,540,236,295,565,660 
555,142,153,597,862,420,385,119,749,841 
422,46,403,593,166,50,708,622,673,903 
736,165,167,24,410,16,309,605,377,80 
959,294,325,268,671,835,686,882,499,18 
566,369,549,243,599,369,692,611,839,943 
911,988,0,937,554,669,844,962,537,715 
501,691,145,756,291,799,774,403,374,608 
815,733,83,283,46,551,860,309,747,450 
184,377,664,500,474,783,591,564,460,714 
384,106,28,958,127,145,215,195,970,185 
786,979,824,237,168,116,724,790,78,3 
425,986,82,366,352,485,489,403,692,66 
135,10,559,86,122,83,613,825,503,534 
742,409,926,350,545,805,562,744,508,300 
792,806,161,487,89,474,898,561,90,825 
492,458,833,447,393,122,322,728,351,280 
703,170,7,207,350,53,984,922,484,131 
210,996,495,626,550,998,210,195,594,614 
25,278,43,456,404,884,211,556,569,16 
290,284,234,803,656,543,381,236,624,255 
826,32,664,484,183,195,198,619,351,531 
485,182,386,460,309,345,38,670,744,630 
203,872,864,790,715,215,70,277,984,735 
453,104,680,244,701,638,908,229,308,0 
94,110,462,999,297,113,933,256,434,841 
885,670,3,578,462,92,409,88,68,173 
427,322,267,922,27,994,131,191,817,301 
659,139,555,833,882,819,361,520,185,378 
236,208,301,350,151,724,960,753,13,170 
943,874,266,505,22,657,830,695,95,844 
380,261,441,216,336,696,357,47,991,533 
172,898,177,128,445,931,577,72,194,226 
877,579,58,66,176,593,354,871,461,191 
76,431,135,195,945,658,691,95,194,359 
607,660,658,692,772,28,256,289,294,948 
561,586,268,604,50,175,627,253,682,282 
941,550,622,805,887,330,471,733,712,473 
830,359,420,730,487,581,153,42,315,36 
2,67,567,430,702,148,482,95,285,153 
356,422,873,111,330,882,703,718,967,774 
193,875,148,698,36,785,791,848,732,452 
857,664,80,641,258,832,928,765,103,148 
507,985,379,774,477,783,828,754,245,171 
596,224,420,361,553,526,281,575,990,753 
594,654,663,665,269,947,12,47,725,44 
21,371,672,273,716,334,557,481,951,856 
547,78,268,375,564,622,224,990,504,199 
448,181,606,638,217,323,213,35,810,276 
769,373,663,504,658,566,121,883,862,226 
584,610,246,417,626,520,765,295,13,717 
213,589,977,984,428,453,906,241,804,23 
913,118,737,907,361,479,635,354,183,552 
139,790,210,467,441,602,706,495,588,159 
102,633,420,445,661,477,369,322,214,729 
446,186,555,262,639,339,16,324,472,547 
610,993,120,128,834,78,762,36,816,398 
580,700,717,4,976,467,217,968,8,487 
826,141,654,616,638,626,810,880,608,27 
868,796,430,675,313,237,739,464,715,515 
800,780,729,311,374,755,78,875,559,678 
261,833,370,562,690,925,428,333,243,31 
508,888,517,137,15,818,963,977,194,414 
297,331,919,978,320,983,942,714,594,338 
740,930,452,124,905,741,764,397,203,124 
703,748,344,110,221,190,921,824,633,79 
531,530,424,457,183,118,627,214,112,141 
616,131,20,792,346,891,980,232,688,300 
254,26,891,987,242,419,929,559,649,707 
495,476,465,753,28,911,957,147,424,297 
937,640,947,410,139,45,314,187,558,40 
396,295,424,100,963,575,627,97,485,961 
937,879,834,348,608,287,328,139,477,694 
915,355,349,15,352,771,782,188,928,911 
220,705,250,297,887,333,521,181,994,93 
181,734,94,63,533,602,405,352,474,456 
635,970,534,689,39,918,91,50,239,778 
689,132,993,239,879,198,870,425,499,368 
408,508,28,84,269,983,500,723,964,528 
188,98,923,84,831,471,635,201,624,635 
211,858,472,278,346,86,447,986,737,21 
676,565,36,312,647,870,472,468,188,403 
424,442,658,805,994,343,617,801,686,651 
139,611,567,368,761,249,570,241,854,201 
75,12,272,544,463,214,410,608,180,145 
399,429,701,588,266,5,82,431,977,410 
180,138,359,5,885,297,600,120,622,270 
967,535,26,219,292,628,872,178,849,375 
982,683,547,174,880,241,14,718,400,577 
121,190,240,24,233,981,851,752,738,176 
945,239,839,433,25,621,586,414,937,663 
80,733,576,677,788,634,389,100,99,117 
985,480,399,851,343,514,677,375,595,594 
786,52,808,514,194,537,84,670,857,754 
590,299,138,160,696,547,548,900,247,682 
365,973,919,881,631,803,948,101,367,287 
723,874,516,873,790,561,716,13,895,99 
650,124,796,497,628,674,376,914,865,113 
731,248,528,946,607,463,467,939,299,403 
938,849,101,781,228,835,152,745,441,784 
950,31,723,143,718,36,578,137,686,797 
478,733,236,960,7,704,534,471,25,174 
290,353,180,218,279,318,199,557,818,374 
60,870,357,663,455,367,201,242,312,808 
269,481,904,179,855,47,992,939,254,715 
836,937,898,123,927,388,908,801,368,644 
703,660,34,124,320,654,386,106,753,533 
345,700,528,905,913,16,431,729,461,327 
989,762,73,72,586,396,600,365,311,963 
532,956,436,7,799,820,147,904,49,450 
433,515,723,655,205,537,583,575,697,666 
683,329,502,37,794,686,668,498,666,728 
894,279,885,496,236,323,191,60,386,466 
974,867,598,142,784,926,663,606,862,350 
0,766,429,708,596,826,469,824,52,640 
819,201,748,33,889,661,427,772,725,503 
489,712,943,475,491,779,132,662,681,515 
888,118,169,288,312,227,701,485,462,970 
735,545,133,452,860,70,851,695,926,973 
927,81,308,524,760,220,156,222,685,58 
369,269,411,678,152,702,433,252,435,649 
495,783,880,491,53,654,356,578,0,617 
545,516,975,990,599,396,620,986,791,75 
101,606,762,895,322,824,16,906,850,115 
212,554,494,964,956,312,599,33,95,559 
35,840,919,507,698,546,526,12,62,963 
301,446,465,118,8,5,106,881,557,266 
831,498,747,53,582,293,287,885,102,19 
9,44,0,240,365,680,771,545,878,327 
701,280,237,714,293,494,775,764,573,428 
212,656,54,942,675,445,571,21,124,927 
759,135,686,570,339,636,62,757,840,376 
761,25,938,976,992,69,29,211,763,752 
825,335,97,729,689,900,306,894,554,809 
599,968,175,193,858,527,977,433,351,855 
971,466,532,343,283,517,205,721,149,256 
919,419,17,579,943,841,741,615,659,477 
630,236,565,429,311,477,265,950,284,483 
356,498,385,466,91,100,19,188,718,116 
8,376,113,611,466,735,106,28,326,371 
938,405,907,100,186,146,382,224,535,932 
315,293,535,426,981,254,411,564,342,913 
383,704,635,353,28,100,447,941,471,334 
496,452,515,827,710,875,417,530,903,908 
848,252,919,164,511,611,29,962,838,764 
209,823,141,770,506,302,348,113,516,482 
890,443,950,358,122,914,577,893,775,243 
685,663,96,43,246,428,758,361,947,288 
634,928,535,323,875,527,800,60,813,414 
397,857,54,591,53,902,611,767,122,351 
807,328,237,852,643,196,67,152,224,448 
716,733,169,242,812,137,310,89,163,61 
268,24,799,567,552,430,385,558,274,13 
861,549,446,380,507,591,285,451,778,653 
874,211,676,574,713,168,77,612,922,301 
181,895,691,250,517,928,819,59,894,884 
843,520,124,75,655,885,90,852,234,525 
176,231,264,280,487,238,748,534,348,953 
242,566,427,644,815,488,579,895,572,828 
583,707,530,101,485,588,831,357,615,143 
174,213,424,841,469,489,0,889,656,479 
720,411,530,938,345,962,556,23,846,849 
670,779,802,215,803,87,556,69,329,121 
703,140,749,240,38,920,509,844,532,763 
223,591,506,111,896,268,738,228,958,611 
480,50,574,333,473,284,906,786,763,425 
338,949,156,64,843,193,950,623,182,195 
991,304,799,427,159,665,317,560,771,438 
489,766,175,573,936,615,873,238,819,923 
688,637,510,925,914,62,517,333,405,923 
977,851,221,109,50,926,188,589,231,977 
680,181,850,62,711,624,23,11,293,18 
554,198,542,485,63,821,351,114,85,246 
582,176,708,608,738,556,958,29,837,510 
962,924,109,155,539,551,506,860,687,974 
659,18,835,534,41,53,188,457,325,168 
928,139,997,434,275,766,33,771,398,963 
180,64,417,206,638,798,121,308,918,568 
109,52,381,524,690,207,182,464,543,405 
825,332,723,149,279,748,545,401,31,101 
973,196,815,993,577,721,398,729,121,401 
118,670,381,624,56,795,444,733,408,803 
948,845,71,58,48,10,478,699,507,493 
352,686,905,61,129,219,5,706,123,544 
37,627,423,754,386,760,512,875,491,269 
627,505,656,820,666,327,844,494,760,970 
108,197,376,194,925,337,110,187,42,469 
743,375,570,837,260,889,944,479,752,57 
124,307,435,47,735,312,696,62,412,84 
753,854,497,975,578,294,709,157,35,476 
372,710,606,906,149,812,417,391,68,432 
326,767,84,826,261,345,628,339,275,419 
426,144,259,507,414,861,147,588,725,924 
394,323,437,577,6,694,312,371,98,792 
834,697,164,819,509,854,588,450,420,290 
752,546,164,71,60,317,278,357,95,402 
377,202,354,476,660,378,969,461,921,14 
908,759,549,980,439,23,268,667,100,367 
922,241,11,751,556,716,776,839,21,937 
778,675,748,916,148,490,259,420,12,773 
642,522,177,457,58,886,594,817,798,622 
498,108,635,133,663,366,568,667,689,437 
432,406,264,187,756,629,662,290,342,341 
859,609,729,378,744,562,172,412,987,68 
445,755,177,868,66,232,809,204,586,97 
949,493,483,408,36,414,492,914,243,536 
730,391,418,149,721,83,898,885,56,328 
348,21,847,421,749,148,924,399,685,115 
784,762,711,721,113,963,507,768,384,374 
991,71,803,440,372,813,493,8,845,727 
273,503,674,126,398,112,962,936,668,285 
7,737,13,808,843,598,110,259,89,949 
844,349,511,236,788,282,87,621,827,717 
444,299,844,164,121,237,408,89,109,891 
343,336,539,689,796,961,518,7,151,724 
74,386,269,460,909,443,18,794,477,402 
558,663,291,583,76,397,84,756,47,171 
409,242,416,539,76,423,971,49,235,641 
360,818,665,658,157,406,559,783,920,564 
434,855,529,697,142,493,126,989,881,209 
337,122,138,273,140,401,64,7,717,91 
566,568,308,513,116,673,9,144,33,677 
498,956,572,391,554,368,378,889,262,344 
962,879,169,195,717,395,975,904,385,670 
886,771,684,903,368,436,829,403,45,557 
222,777,622,358,629,664,172,327,162,192 
503,209,140,402,770,377,540,181,884,506 
267,166,185,134,255,355,559,57,160,372 
109,26,689,854,317,510,443,814,291,226 
587,838,741,525,939,543,914,393,845,259 
103,540,996,429,436,719,941,576,454,10 
427,592,989,137,673,481,469,720,167,331 
107,206,456,343,165,921,250,160,452,166 
948,352,261,67,750,222,554,851,442,921 
760,916,720,604,682,777,495,214,522,399 
232,308,607,151,516,558,995,31,934,715 
3,516,995,481,378,945,14,133,439,973 
792,131,890,835,933,19,254,819,281,48 
344,249,489,878,709,423,278,887,282,636 
611,371,677,136,504,178,681,131,632,222 
111,713,733,658,575,844,588,465,822,966 
898,548,577,408,333,628,384,260,567,936 
670,452,933,579,829,854,407,286,838,540 
504,246,582,348,748,673,284,897,769,738 
15,363,790,542,676,850,81,506,548,698 
141,227,460,387,736,210,911,600,122,538 
654,194,801,167,32,881,994,725,148,294 
970,650,547,16,282,673,659,201,777,404 
517,28,107,5,448,269,391,857,415,596 
959,473,885,352,656,263,481,229,954,961 
764,657,33,29,751,800,937,42,554,402 
680,286,759,806,30,289,13,278,688,869 
145,774,833,25,574,154,777,217,541,667 
408,819,264,741,315,288,992,856,279,996 
270,89,4,180,158,557,32,236,872,793 
133,571,993,65,500,91,102,659,944,384 
592,495,56,109,779,118,236,565,552,179 
569,549,91,810,383,179,743,732,823,642 
892,412,914,774,987,689,277,598,456,408 
969,827,926,94,398,35,249,527,160,498 
765,702,402,462,364,841,78,302,812,255 
998,750,926,617,45,489,547,547,919,316 
217,606,647,155,851,67,47,314,679,429 
906,730,737,164,438,150,701,850,781,905 
122,83,930,150,186,326,808,650,309,314 
230,42,5,823,415,317,284,723,278,350 
553,653,591,881,786,881,881,647,779,976 
983,472,45,884,214,435,450,381,96,125 
861,995,943,836,214,976,349,494,299,121 
848,387,234,889,507,315,226,250,383,102 
2,225,306,79,209,956,886,612,117,979 
881,404,47,529,212,93,883,61,629,409 
5,793,696,12,175,398,218,661,55,90 
125,526,245,399,904,466,523,401,846,739 
837,748,855,349,183,392,795,610,766,922 
882,922,190,752,673,822,923,912,160,777 
340,894,655,581,505,408,21,614,437,231 
515,540,774,828,685,362,433,125,544,366 
491,427,402,797,643,577,50,252,67,987 
48,701,612,448,383,804,585,814,807,221 
484,545,287,853,621,647,680,161,506,331 
117,190,815,676,591,118,670,609,852,924 
794,555,735,348,805,311,731,586,802,166 
905,621,405,723,113,976,286,529,108,437 
916,663,424,14,118,968,525,513,628,643 
469,95,741,684,393,418,298,173,614,41 
895,997,846,17,250,554,386,329,764,830 
773,890,700,92,740,841,187,45,210,507 
834,547,608,524,935,778,514,763,567,318 
948,110,733,821,515,101,432,729,968,790 
963,537,935,788,862,238,926,124,298,198 
128,439,314,30,50,597,197,40,573,732 
72,862,146,268,631,514,412,334,284,461 
942,553,896,528,781,728,567,154,192,387 
993,950,957,808,578,680,109,575,986,28 
639,903,968,306,554,568,578,58,692,614 
728,521,72,974,119,45,964,512,65,515 
728,258,385,962,515,781,108,43,7,885 
299,408,292,986,597,998,315,238,906,640 
416,27,410,401,651,418,947,838,80,402 
961,454,594,564,768,742,174,687,6,797 
723,340,252,625,656,752,498,21,270,849 
274,608,757,735,524,714,226,65,625,349 
285,73,916,670,48,21,674,399,620,59 
42,898,38,816,584,307,519,541,851,347 
889,510,454,893,468,896,164,431,185,39 
804,903,558,297,500,311,336,339,354,31 
951,829,638,709,539,924,387,931,140,805 
444,301,703,569,371,877,28,17,69,533 
868,71,497,312,920,574,679,598,605,672 
669,626,140,410,844,690,406,485,810,227 
628,164,121,694,292,637,405,722,384,687 
130,903,720,486,763,532,719,597,975,214 
452,384,558,654,295,477,938,486,795,767 
577,256,411,855,702,978,789,239,23,857 
555,508,825,761,952,256,743,207,391,16 
546,684,615,273,218,878,460,450,571,628 
71,174,891,813,925,744,87,14,444,963 
13,927,426,589,765,512,968,432,72,445 
940,581,530,627,524,277,509,446,574,917 
811,512,341,165,156,448,397,277,720,501 
439,52,820,886,809,647,753,719,5,299 
419,2,777,335,141,887,287,472,953,609 
138,754,797,711,249,624,322,36,848,505 
405,732,274,39,424,811,459,13,611,851 
346,716,444,769,395,538,846,949,178,144 
493,733,164,246,303,317,423,293,206,684 
651,584,427,358,400,224,604,722,830,555 
334,151,939,256,598,784,398,890,288,928 
931,135,363,860,536,843,540,436,772,110 
582,14,671,302,908,127,325,898,117,190 
900,205,894,928,588,403,293,113,902,939 
601,389,461,985,487,163,417,335,464,499 
27,383,758,820,203,592,293,876,69,954 
126,485,506,695,911,672,362,489,246,521 
111,978,100,199,100,940,590,598,717,189 
919,819,712,294,98,3,881,960,10,305 
36,996,788,202,395,902,668,246,168,285 
909,885,908,881,373,803,269,849,820,794 
134,417,981,978,192,741,804,824,110,852 
552,360,239,539,738,912,541,452,651,187 
82,148,429,495,162,142,511,884,59,191 
148,440,137,671,493,460,734,416,51,293 
54,687,89,535,937,660,141,5,10,535 
479,797,309,705,514,596,861,380,328,150 
90,328,875,31,1,283,861,451,822,389 
89,487,669,885,618,178,38,267,881,411 
503,970,660,752,243,41,362,808,608,863 
307,46,447,241,428,930,892,762,864,94 
781,333,986,474,767,346,416,644,99,451 
129,7,616,241,390,319,170,592,134,895 
785,692,652,751,68,558,579,253,300,935 
546,462,885,151,587,737,599,138,893,73 
195,945,537,845,433,737,169,222,894,481 
676,828,346,749,71,405,335,882,646,731 
174,565,128,185,548,525,39,106,234,938 
6,230,98,896,918,633,717,596,169,458 
225,457,960,509,64,728,304,213,812,890 
286,626,462,306,820,91,286,996,659,232 
620,157,8,614,509,973,252,823,193,416 
771,646,353,28,61,525,407,343,331,67 
309,777,882,732,287,362,947,598,109,960 
307,462,457,750,677,934,703,972,366,299 
257,911,89,150,546,550,392,343,786,200 
28,273,632,13,380,87,599,559,337,89 
999,68,634,730,924,899,803,848,532,105 
112,841,73,903,80,975,958,514,997,544 
110,438,855,525,993,439,792,709,688,526 
890,69,503,333,69,774,274,367,181,723 
248,551,103,429,916,331,988,373,779,28 
398,597,872,621,640,843,290,502,739,747 
943,404,66,152,418,614,615,327,223,439 
46,465,567,579,295,858,256,519,905,42 
604,610,922,208,185,466,451,702,65,596 
176,13,119,660,30,350,890,701,220,97 
95,237,676,742,910,928,187,366,207,656 
548,637,317,54,267,390,128,511,748,26 
241,118,468,807,142,386,992,825,309,307 
186,896,637,215,177,622,289,171,464,563 
542,112,327,799,907,732,445,875,152,282 
144,236,262,823,811,5,126,570,341,856 
262,543,322,32,775,967,987,718,610,984 
9,271,128,965,231,566,561,970,85,763 
556,278,681,991,21,476,832,619,580,384 
729,300,634,827,211,437,31,795,21,50 
743,43,195,420,755,314,985,5,979,26 
983,762,505,679,908,400,457,793,951,564 
476,632,537,987,420,628,558,115,762,310 
67,636,939,479,769,447,497,323,679,217 
797,976,782,363,283,657,565,162,614,930 
565,126,554,903,703,905,32,709,602,862 
371,957,944,587,906,16,552,516,823,412 
798,405,820,850,550,20,37,808,561,753 
592,842,638,403,89,896,641,601,266,844 
312,769,264,226,906,24,761,908,971,119 
129,465,475,182,643,546,724,328,932,953 
842,266,252,245,877,569,950,918,345,207 
167,218,295,354,131,26,44,809,514,661 
983,324,474,190,24,239,806,828,468,194 
141,998,965,344,645,633,558,402,525,263 
997,152,554,238,897,59,809,210,938,450 
204,808,959,582,640,736,771,788,450,397 
233,199,257,61,927,648,423,832,287,987 
714,287,631,847,687,906,546,33,878,789 
480,806,736,224,72,187,437,626,742,834 
906,273,736,180,599,113,914,189,567,199 
49,392,960,832,965,640,355,435,711,929 
589,71,770,281,140,82,590,158,398,600 
471,564,626,964,4,523,458,238,676,899 
736,185,563,397,349,359,161,760,392,364 
732,845,316,540,540,215,235,2,964,498 
958,902,848,407,158,57,914,281,125,952 
399,831,534,835,22,966,387,249,753,339 
981,90,388,74,901,784,706,357,297,595 
646,109,963,696,87,726,459,133,557,994 
45,892,393,588,157,177,273,471,799,625 
336,131,19,961,115,340,125,632,448,239 
907,154,586,305,183,226,607,421,252,452 
210,866,270,268,612,519,714,318,142,196 
356,411,345,206,280,428,126,303,256,95 
714,928,267,675,41,883,751,641,100,817 
317,721,372,229,451,230,414,67,352,551 
897,649,184,443,738,144,286,712,177,150 
289,648,252,796,231,785,249,423,847,376 
281,861,531,881,648,894,490,101,153,477 
579,864,575,209,877,109,454,388,380,633 
775,47,53,489,418,496,147,65,646,801 
706,442,228,910,593,967,866,91,605,173 
179,487,40,812,611,882,560,214,897,462 
803,250,557,132,168,717,160,711,482,343 
995,165,182,685,48,471,395,344,981,990 
177,322,151,608,17,280,50,382,461,608 
678,507,513,560,230,379,814,793,538,525 
256,14,317,63,437,533,377,181,781,720 
109,877,9,232,864,969,916,64,872,922 
719,993,843,806,289,463,855,478,243,327 
549,751,137,171,423,627,324,68,506,202 
892,179,567,554,251,388,996,297,5,399 
432,794,603,948,467,340,287,194,339,459 
674,797,707,576,825,106,14,372,6,7 
673,637,307,996,167,930,553,488,110,737 
487,314,670,946,125,725,402,496,360,46 
455,276,360,645,177,933,381,30,917,240 
209,531,177,575,534,64,280,657,72,762 
882,879,893,52,487,950,9,864,620,286 
223,887,182,726,497,789,196,425,376,412 
241,417,63,835,294,406,666,858,454,243 
468,109,179,982,102,139,295,314,3,385 
165,723,872,208,389,797,657,624,318,681 
639,231,133,236,45,371,668,6,10,367 
855,276,801,549,767,323,963,329,513,298 
894,805,721,810,311,454,504,173,548,306 
740,968,228,909,638,966,287,271,31,346 
778,747,844,248,554,94,569,417,322,922 
114,666,632,151,308,104,529,101,97,642 
277,144,851,770,893,336,864,673,737,163 
515,286,342,457,156,363,132,277,797,877 
238,723,757,181,387,730,650,200,25,16 
111,7,369,484,853,36,165,748,302,874 
102,891,532,263,11,719,792,945,315,508 
639,850,539,824,511,209,667,252,151,478 
51,756,820,738,876,476,568,849,49,350 
700,717,235,76,766,440,260,38,167,661 
891,521,979,572,102,925,275,592,598,713 
359,367,644,436,428,341,281,395,470,957 
420,202,551,302,948,481,102,589,301,117 
730,165,360,919,101,376,698,69,790,696 
966,323,686,46,367,878,717,14,110,421 
37,613,834,604,667,313,677,798,294,731 
586,582,80,491,589,106,889,697,403,733 
587,131,609,743,857,488,552,635,832,255 
197,814,87,901,103,407,75,305,818,239 
59,374,56,637,315,580,63,398,67,483 
150,976,639,478,616,538,370,880,899,66 
843,629,611,946,786,855,872,584,60,772 
670,672,961,288,786,840,55,797,82,199 
471,123,133,131,541,749,10,567,398,738 
629,741,674,789,884,437,936,370,663,482 
169,172,702,197,420,296,508,361,937,384 
441,82,418,605,550,370,154,660,402,322 
177,995,529,81,800,121,707,684,991,351 
467,874,607,671,958,43,57,991,883,100 
540,106,770,450,158,603,357,513,258,775 
67,15,352,590,19,746,34,182,958,714 
242,612,309,804,705,135,305,604,26,75 
922,751,205,231,343,346,24,100,892,547 
536,626,306,666,109,280,112,187,475,751 
519,155,485,604,611,115,132,729,125,566 
580,919,125,116,448,698,21,496,956,977 
233,93,168,184,27,15,565,540,867,721 
32,858,619,699,923,996,176,245,307,937 
316,108,156,552,937,863,280,985,792,896 
590,96,519,98,639,127,393,419,237,150 
968,647,924,538,909,438,322,391,368,875 
835,363,379,138,260,65,24,350,705,447 
843,932,747,645,547,959,25,153,162,401 
111,819,739,650,700,970,819,64,973,538 
224,972,327,371,942,20,426,439,304,819 
121,599,652,761,405,130,687,464,385,580 
192,780,977,895,521,486,587,776,647,870 
208,32,987,26,892,501,952,327,312,605 
309,674,665,807,189,396,81,190,721,144 
228,450,16,682,69,948,893,118,710,966 
878,610,799,157,693,218,661,669,303,382 
524,463,241,481,55,977,203,568,60,274 
109,172,541,272,806,303,849,560,907,919 
585,538,588,594,942,222,586,847,151,255 
541,476,576,138,378,386,663,778,449,953 
360,380,117,720,897,218,101,853,391,679 
279,725,183,14,772,561,609,383,711,494 
846,510,607,935,690,945,451,161,204,919 
277,707,859,896,279,919,11,244,66,321 
149,124,606,532,276,319,716,675,723,666 
151,227,261,264,232,906,860,489,433,131 
659,130,937,66,567,376,518,934,784,434 
25,520,381,315,227,599,293,41,982,957 
930,725,686,945,640,647,254,129,924,877 
302,420,519,680,306,722,234,611,903,337 
739,264,766,429,365,145,355,234,918,120 
743,233,18,492,153,885,836,248,531,601 
845,361,160,808,29,180,796,800,158,498 
364,779,113,978,125,884,216,537,680,171 
738,224,138,717,637,617,978,387,61,327 
836,564,994,506,323,242,977,628,43,310 
569,275,395,193,469,587,745,673,729,224 
64,972,398,620,621,324,736,707,552,398 
470,417,53,936,601,667,577,847,29,443 
122,914,622,202,656,63,668,153,7,160 
302,488,350,682,333,666,514,153,527,499 
524,75,732,152,881,464,357,353,200,418 
256,981,22,991,440,298,429,392,826,110 
243,22,162,16,263,152,475,325,78,955 
926,31,708,710,370,896,374,376,674,63 
299,697,948,45,291,650,653,783,64,41 
866,640,9,917,681,890,726,427,894,360 
789,619,473,43,387,330,445,23,510,652 
804,26,807,549,701,984,405,173,320,974 
316,294,8,193,461,923,295,626,671,879 
935,912,955,494,428,938,445,868,544,968 
254,840,774,396,558,693,856,83,551,293 
132,530,901,18,257,542,618,83,855,188 
158,975,365,634,11,841,292,64,742,832 
336,719,762,201,558,540,22,787,417,776 
783,591,527,863,376,538,233,451,789,945 
943,93,40,96,57,616,154,46,499,10 
251,713,264,727,309,929,687,419,595,196 
995,572,287,86,420,842,224,506,835,460 
698,401,666,145,695,109,930,639,596,339 
654,515,367,956,917,422,780,878,285,127 
879,179,515,147,731,718,335,599,89,541 
307,349,197,567,252,906,442,516,186,43 
861,851,826,751,759,196,74,86,763,947 
140,468,904,101,180,737,321,315,972,560 
512,0,950,714,145,968,945,919,882,759 
797,328,704,995,729,275,445,654,836,172 
966,620,768,733,25,182,34,466,388,913 
518,547,399,494,656,463,579,647,341,425 
877,178,784,730,19,781,32,123,119,430 
135,204,241,822,885,534,990,746,123,618 
767,748,995,668,653,261,556,239,287,511 
972,774,934,355,655,468,768,990,84,913 
584,24,974,762,575,915,447,180,524,420 
608,380,991,657,46,630,987,39,903,952 
377,678,330,162,849,739,829,84,964,507 
279,524,309,703,997,186,989,840,338,234 
958,888,664,998,151,851,299,389,502,912 
892,340,309,104,900,343,603,809,222,333 
450,95,391,413,337,136,433,824,455,930 
219,604,904,540,260,802,877,990,158,918 
395,789,832,945,750,31,164,620,799,431 
575,170,192,230,830,450,736,182,182,816 
313,748,540,999,679,258,971,134,387,94 
827,364,878,306,903,761,825,264,31,802 
121,586,180,352,888,484,98,406,150,7 
463,846,175,834,498,799,541,983,599,844 
198,399,526,980,777,723,203,593,314,200 
345,919,389,62,0,124,111,669,886,470 
664,812,721,837,508,416,673,518,152,894 
188,153,778,645,516,33,458,539,803,205 
893,146,478,959,408,798,303,520,529,14 
125,21,64,844,919,27,469,859,493,819 
660,716,383,329,387,253,567,895,956,991 
721,169,493,402,51,349,581,799,575,57 
521,969,565,184,589,601,613,570,766,301 
795,215,667,165,459,16,812,505,524,819 
547,842,561,641,295,868,210,13,24,860 
753,979,605,292,305,234,136,728,713,231 
307,924,797,40,763,884,301,794,50,103 
959,128,236,481,80,57,136,412,688,515 
38,698,884,58,63,458,676,431,303,876 
196,551,47,51,528,345,519,102,161,35 
641,370,804,98,802,128,402,348,785,174 
178,709,313,709,497,193,332,591,492,708 
957,258,397,908,511,934,777,55,700,663 
306,935,373,238,544,366,641,346,170,672 
985,279,426,780,967,313,279,214,55,135 
820,540,334,510,773,139,159,25,970,117 
701,482,748,953,754,296,861,264,461,852 
756,879,954,538,654,974,772,689,776,420 
22,446,592,916,847,540,899,976,539,632 
401,904,270,732,917,23,667,34,72,979 
307,794,885,871,825,338,336,766,171,746 
968,790,827,257,275,487,539,703,105,927 
638,895,264,555,499,688,758,755,925,34 
846,755,606,680,537,506,74,749,70,601 
423,831,884,993,347,283,195,985,14,707 
819,219,742,19,805,682,169,364,381,587 
60,50,817,564,138,201,155,805,481,455 
394,490,887,29,255,74,138,591,395,487 
364,622,270,762,469,175,570,794,10,562 
830,513,364,520,734,356,620,281,376,244 
370,498,290,709,364,328,982,923,331,3 
375,572,866,202,990,943,912,383,477,710 
957,958,100,2,872,727,202,940,23,966 
931,747,376,155,448,231,780,411,341,377 
460,531,851,925,675,956,926,797,490,343 
520,475,563,493,940,314,246,740,359,50 
807,770,961,718,624,375,866,844,498,987 
591,576,495,625,147,421,291,951,354,537 
17,539,465,316,346,363,425,941,776,9 
643,977,424,745,445,825,710,401,746,190 
258,204,736,116,97,874,611,64,727,600 
47,280,127,719,771,157,645,508,544,47 
570,684,704,142,495,673,804,472,869,741 
486,668,833,65,573,465,613,451,551,707 
441,875,1,428,977,336,737,771,936,643 
445,140,346,695,892,244,15,300,618,22 
307,543,25,239,930,951,2,523,937,119 
363,914,224,571,363,426,139,137,817,241 
320,661,635,40,338,392,410,583,68,894 
105,657,226,851,463,997,465,66,218,277 
631,234,772,775,949,653,218,702,873,773 
806,252,623,757,606,374,344,762,813,428 
387,789,136,91,503,974,211,697,859,989 
578,13,988,8,908,0,526,813,217,388 
710,858,132,207,571,169,59,780,469,793 
299,678,246,755,641,466,766,490,947,96 
514,989,285,485,764,765,800,361,830,294 
941,176,895,36,911,7,864,562,493,460 
552,130,495,506,323,444,504,616,170,501 
746,557,380,550,48,371,11,405,516,821 
769,397,529,949,784,21,802,414,137,519 
105,27,804,159,356,179,646,590,210,290 
529,682,596,405,933,307,318,793,772,621 
492,208,875,429,98,313,973,26,227,83 
962,666,459,590,772,102,200,990,930,747 
427,860,189,229,405,195,239,849,796,180 
876,264,445,735,249,748,483,726,273,672 
141,111,543,720,998,7,309,825,374,758 
178,559,886,738,859,850,313,603,856,36 
517,384,591,818,889,597,326,708,825,706 
361,930,524,321,452,956,983,211,835,14 
66,863,373,567,792,712,534,405,740,362 
339,607,94,1,433,671,413,886,479,425 
663,927,274,852,908,58,950,755,193,46 
89,472,160,446,548,423,396,562,188,891 
738,811,53,535,171,83,837,843,502,7 
846,968,282,227,37,978,841,664,160,225 
424,652,533,556,764,358,893,523,638,836 
983,775,135,667,593,960,991,866,929,458 
702,683,577,61,917,432,97,936,279,118 
719,842,514,240,881,372,954,819,363,822 
604,201,660,268,815,885,987,461,758,130 
503,433,867,711,19,756,805,275,408,722 
970,217,573,873,912,656,402,534,78,826 
722,589,799,311,319,656,718,205,791,563 
109,630,108,554,455,486,969,376,614,80 
552,357,654,652,776,114,625,623,884,140 
572,262,511,227,550,592,91,615,456,32 
793,686,208,516,43,371,248,557,94,670 
435,403,291,388,368,436,963,763,566,592 
418,964,448,172,917,38,154,905,622,475 
297,105,502,977,122,350,106,175,192,967 
246,993,385,575,317,419,506,283,67,358 
822,352,618,457,590,679,448,103,514,775 
250,593,229,45,521,129,767,937,843,498 
717,552,709,54,3,554,388,374,401,768 
235,344,267,516,718,776,314,12,45,117 
688,780,892,902,689,39,599,889,428,402 
371,704,345,917,576,577,909,543,938,193 
897,117,983,868,201,302,747,403,904,934 
398,978,288,229,511,325,607,627,339,798 
845,307,886,686,442,657,761,526,725,697 
796,968,438,502,979,87,701,147,764,719 
188,929,601,867,679,694,809,970,532,590 
977,380,989,737,143,358,595,729,559,768 
724,14,374,104,917,31,340,61,866,423 
463,945,906,442,818,75,8,67,852,481 
772,859,189,447,297,176,635,670,71,600 
715,484,224,944,660,27,976,341,741,673 
549,166,894,844,822,108,875,679,232,535 
997,334,500,887,371,266,940,180,87,945 
284,546,755,901,941,604,873,703,724,428 
394,104,570,972,614,748,461,972,122,675 
547,432,384,829,342,461,120,842,851,72 
236,147,13,844,178,56,894,358,794,623 
198,486,895,14,172,308,603,933,105,765 
426,827,884,1,849,619,176,554,847,298 
601,154,649,536,173,753,308,65,824,178 
995,135,400,937,881,406,856,884,728,891 
607,227,568,106,280,277,875,803,756,208 
581,191,219,453,569,485,642,878,150,307 
447,252,280,843,928,217,851,261,857,487 
971,563,163,251,534,957,362,650,611,800 
199,110,84,869,861,452,927,276,679,950 
59,644,38,256,957,624,520,345,913,311 
707,528,22,503,658,360,210,335,246,882 
405,328,62,837,162,648,585,269,624,291 
352,61,719,837,449,522,797,616,958,261 
640,303,683,764,534,549,566,15,208,93 
18,706,389,23,212,804,42,795,62,842 
440,413,617,432,934,605,397,981,533,225 
532,234,491,930,333,312,78,304,77,787 
610,139,799,398,710,407,188,284,425,146 
654,576,386,358,990,330,429,870,941,303 
97,630,344,203,702,299,652,950,716,940 
417,232,46,12,820,642,110,861,228,131 
482,899,861,715,524,986,395,824,943,108 
238,282,933,491,804,677,981,904,285,907 
850,709,160,227,615,813,530,658,663,526 
958,60,113,144,608,391,328,645,324,629 
912,437,668,4,220,684,94,619,597,594 
667,395,285,288,28,239,722,602,144,506 
701,317,816,492,394,806,291,408,579,36 
45,493,741,83,402,199,411,878,529,297 
345,648,659,978,809,255,979,881,241,926 
743,542,606,470,429,318,450,984,41,530 
224,753,418,85,80,474,349,672,382,435 
288,364,965,540,897,468,257,816,783,284 
186,878,702,625,829,549,128,999,52,163 
791,729,693,58,295,656,336,544,424,515 
433,401,593,952,846,811,504,284,67,822 
942,460,929,94,375,553,437,390,79,754 
996,995,976,472,420,434,808,915,118,647 
495,852,776,979,703,887,119,881,820,824 
233,165,395,190,160,169,510,112,539,694 
69,139,910,611,449,861,714,501,961,617 
704,403,584,23,758,925,606,503,452,177 
82,938,704,233,561,134,653,316,472,308 
522,607,734,199,247,496,677,434,59,183 
519,479,313,210,508,536,224,11,289,988 
417,344,821,296,772,30,182,286,515,843 
233,95,936,775,94,817,834,718,505,957 
938,581,308,399,797,318,738,571,18,473 
294,737,667,57,866,924,712,65,837,84 
598,521,588,750,71,153,168,589,780,368 
552,464,693,985,357,656,576,715,259,787 
864,236,144,306,93,201,117,803,553,844 
913,836,347,779,381,45,652,697,498,896 
231,179,767,864,118,713,854,107,743,558 
486,206,445,750,115,955,867,372,569,585 
555,253,552,225,149,428,897,408,411,635 
559,494,729,179,729,633,282,320,292,727 
933,643,829,870,567,517,347,554,746,445 
59,362,578,127,501,495,128,570,484,835 
232,683,563,657,637,987,643,359,677,450 
617,437,735,854,772,697,808,92,364,312 
492,50,310,970,586,894,484,931,89,975 
65,434,182,70,970,200,944,984,192,902 
514,491,442,275,383,930,800,49,205,887 
754,235,399,116,999,469,854,398,129,328 
306,815,757,537,595,391,440,924,844,341 
677,882,783,87,444,508,939,916,636,203 
777,290,961,750,263,506,529,439,371,916 
520,690,362,295,723,331,905,569,217,419 
751,520,422,543,798,403,225,541,454,592 
525,539,194,986,477,54,470,654,64,932 
773,706,957,566,578,443,856,6,484,170 
233,937,549,755,758,648,739,129,671,905 
621,217,583,917,578,481,850,990,658,53 
626,239,992,406,988,552,799,919,327,524 
234,590,236,200,288,586,817,883,52,63 
112,853,947,556,597,837,934,301,388,643 
591,698,497,430,920,11,537,322,718,294 
261,562,757,711,175,359,654,730,180,266 
995,664,690,980,932,396,267,671,233,793 
496,55,791,906,993,939,896,461,64,3 
59,685,757,669,706,146,124,159,978,119 
107,147,766,240,711,154,660,518,935,494 
177,25,480,665,456,321,247,931,973,240 
989,764,680,799,556,991,765,828,8,678 
153,45,681,320,303,60,429,68,800,398 
578,936,744,705,105,83,117,826,238,123 
371,689,516,595,523,465,293,229,930,944 
623,864,149,935,243,374,722,790,943,853 
258,8,490,568,939,62,783,961,234,2 
251,317,694,794,833,651,895,447,101,99 
356,874,398,632,492,10,28,809,845,164 
40,617,249,111,499,665,806,226,767,671 
892,189,689,350,169,233,880,241,712,93 
800,725,337,414,399,538,986,385,745,789 
530,728,646,285,174,304,400,272,805,523 
19,770,774,982,93,266,649,129,862,392 
491,750,673,542,491,408,543,539,393,58 
765,558,278,768,612,229,111,734,830,521 
459,724,680,574,892,210,35,28,98,638 
845,125,715,423,412,484,607,316,643,382 
615,278,957,248,525,847,933,684,351,438 
216,257,549,209,339,813,242,765,102,522 
672,788,218,643,532,659,14,914,120,783 
357,143,631,756,148,886,443,394,679,14 
466,540,59,730,687,334,526,757,861,786 
467,847,343,975,897,62,66,623,11,307 
356,604,522,691,237,358,975,374,67,203 
621,463,621,531,642,433,381,815,743,226 
864,590,597,846,170,755,967,3,706,527 
654,980,517,286,903,829,86,697,249,82 
411,871,411,756,643,8,666,1,243,856 
576,87,295,949,736,525,414,309,126,941 
7,118,380,802,272,899,966,298,37,344 
135,184,381,555,461,425,216,23,479,720 
276,54,295,928,31,522,402,102,295,368 
643,737,981,641,280,359,384,495,157,581 
350,744,420,954,77,306,591,745,368,171 
468,745,661,748,126,450,715,530,476,366 
593,56,691,962,241,164,447,520,923,836 
231,627,542,997,301,453,321,792,341,752 
784,778,941,759,506,334,123,680,159,40 
677,794,839,193,832,237,230,306,732,281 
419,407,863,430,840,802,686,533,499,185 
331,107,355,869,39,168,23,136,896,615 
440,386,78,188,166,679,968,548,16,392 
676,766,533,301,971,13,248,221,234,462 
929,433,989,445,965,843,726,422,447,942 
811,922,32,602,550,569,578,710,413,566 
59,18,850,275,429,865,117,537,746,479 
510,692,844,461,343,874,219,326,701,422 
735,340,879,533,109,940,894,396,639,411 
29,708,4,379,427,612,967,767,523,65 
267,63,461,483,187,935,109,255,231,434 
856,405,523,367,463,653,186,109,717,635 
585,721,258,564,798,200,698,924,886,803 
160,166,509,791,475,375,257,485,251,439 
888,821,653,717,527,713,857,78,804,585 
237,745,499,996,258,826,613,365,580,825 
807,601,152,918,719,587,357,108,401,314 
557,775,47,113,925,915,599,248,32,154 
614,652,714,386,506,496,896,161,966,965 
477,21,462,310,318,236,650,185,879,797 
688,322,503,386,514,146,782,451,646,687 
544,759,740,401,401,529,546,361,119,901 
987,237,663,118,687,812,208,533,556,699 
252,560,314,681,541,604,476,998,60,736 
449,522,148,393,138,389,934,691,999,419 
437,187,731,377,681,94,758,945,737,124 
768,829,881,39,234,508,563,234,833,102 
386,744,676,678,218,699,749,675,252,573 
892,946,597,406,439,132,357,194,190,408 
261,958,482,949,681,87,126,341,438,672 
461,417,45,390,219,197,981,809,888,224 
367,409,127,963,715,34,797,683,840,438 
716,973,200,798,143,869,977,532,792,130 
184,744,661,777,449,693,25,69,41,816 
967,800,308,900,410,961,674,52,87,946 
445,414,892,796,614,208,194,369,317,267 
733,502,110,168,428,651,760,427,420,377 
594,307,439,815,855,386,674,40,736,535 
148,756,680,118,418,857,163,977,319,775 
919,421,217,117,237,76,487,275,481,538 
510,645,812,974,379,672,859,191,202,716 
712,528,61,998,734,186,553,321,19,356 
938,216,342,753,511,491,495,47,920,996 
478,415,676,213,219,510,223,359,301,143 
776,321,350,794,56,92,267,877,782,671 
570,558,416,427,364,522,212,197,49,973 
29,3,331,278,609,637,755,702,31,354 
928,686,990,468,750,794,200,129,298,397 
277,654,76,178,116,978,909,172,196,349 
152,779,729,443,477,4,379,641,552,579 
848,899,745,871,945,7,116,299,241,834 
880,965,778,116,61,596,706,402,374,971 
259,657,414,156,769,394,904,779,988,686 
566,400,757,711,211,408,997,280,4,529 
544,594,216,224,585,636,361,177,423,943 
395,690,381,867,673,380,416,570,167,839 
369,327,89,642,218,817,107,475,933,562 
850,169,520,598,623,811,301,707,204,796 
638,116,783,894,677,73,507,920,274,367 
734,150,870,64,22,348,507,246,812,950 
510,337,402,662,565,170,880,147,931,603 
2,58,275,974,326,28,625,359,410,644 
851,278,818,347,414,813,7,490,85,18 
83,395,228,473,672,444,732,618,536,90 
615,666,880,782,586,640,278,294,731,7 
313,59,496,59,535,681,326,218,33,329 
363,96,707,815,947,926,496,344,663,633 
675,877,125,755,40,108,72,608,760,209 
719,166,355,393,675,977,328,582,10,643 
672,724,106,309,9,878,799,405,22,566 
156,444,972,216,352,578,743,1,464,431 
938,481,515,849,70,282,91,574,2,156 
646,357,545,223,580,157,417,84,939,41 
935,305,39,686,47,607,261,843,769,664 
206,60,384,802,385,611,397,131,313,91 
960,129,446,338,886,383,695,643,342,277 
709,133,237,837,730,212,993,877,720,170 
731,174,887,505,93,192,942,695,875,672 
779,183,535,495,333,224,468,400,422,660 
124,933,519,15,141,942,363,970,718,704 
909,235,927,966,686,91,182,143,6,380 
318,419,844,60,338,779,17,338,384,620 
22,732,584,848,389,170,387,561,581,227 
465,771,792,83,698,485,959,749,678,555 
749,19,249,571,840,903,110,953,948,860 
940,130,497,254,286,713,733,419,612,562 
13,812,278,137,684,612,969,390,486,893 
546,991,390,241,936,569,252,787,70,309 
970,914,550,395,445,519,705,518,81,876 
34,556,13,697,922,543,830,476,750,685 
968,628,678,617,303,659,23,859,651,925 
879,291,449,553,544,509,654,515,277,57 
654,571,770,939,27,654,521,754,202,910 
967,182,888,369,821,43,554,259,273,677 
177,945,805,279,547,123,335,27,222,453 
888,160,224,723,537,51,627,494,6,60 
996,679,54,167,50,558,659,786,787,79 
916,81,2,906,627,92,637,70,688,50 
843,610,475,429,171,791,145,729,167,437 
510,714,776,249,121,169,2,256,645,2 
784,442,819,790,931,765,85,336,395,653 
854,365,64,302,661,237,186,302,984,625 
477,713,340,872,313,617,995,650,245,546 
575,648,891,536,306,133,871,982,432,813 
137,732,652,425,194,876,319,52,819,857 
344,566,992,748,197,410,540,588,775,661 
694,281,268,974,953,22,581,580,370,520 
936,489,842,951,824,273,187,841,584,254 
664,637,679,684,557,962,492,308,141,293 
163,79,450,985,584,225,110,750,440,271 
449,584,952,222,364,283,789,882,345,952 
329,639,398,663,55,232,446,433,206,665 
791,296,162,43,819,701,64,4,574,278 
111,929,198,266,836,937,81,138,342,214 
936,790,905,171,400,665,246,221,1,395 
735,767,616,625,743,22,295,522,680,861 
909,896,862,974,496,817,369,622,573,322 
97,812,754,295,698,846,36,321,254,695 
410,916,329,833,122,516,240,155,729,932 
675,655,62,50,794,771,312,74,779,169 
966,70,745,157,597,143,720,435,4,610 
941,475,227,466,827,930,2,622,808,150 
518,382,926,309,606,919,805,75,548,617 
37,878,62,410,954,47,796,433,312,120 
165,832,622,644,810,591,487,519,580,913 
859,996,985,21,108,421,81,684,692,858 
167,489,476,617,674,74,255,206,20,810 
694,815,82,48,876,455,370,551,249,341 
251,883,100,520,774,597,18,953,306,531 
603,149,741,191,307,646,334,26,454,549 
895,949,341,981,225,412,277,807,55,360 
694,806,741,679,825,286,385,105,939,14 
335,714,958,431,58,231,591,928,86,839 
82,808,787,479,857,15,52,106,268,480 
654,476,106,31,236,1,693,115,423,614 
348,553,314,107,450,821,491,652,459,333 
534,739,671,876,860,268,23,751,760,749 
77,311,562,151,256,204,45,933,948,403 
99,592,240,76,624,932,561,802,963,235 
12,151,209,860,777,324,420,792,99,626 
97,705,427,232,135,950,997,521,131,887 
298,713,577,354,628,700,236,216,632,331 
495,744,486,860,84,749,820,404,777,814 
80,652,595,986,820,365,306,693,444,938 
580,316,523,113,981,257,363,925,220,363 
220,907,641,774,964,70,979,378,268,409 
318,667,787,865,985,876,483,765,469,336 
689,138,474,351,803,543,356,585,538,90 
466,578,223,310,343,186,658,738,241,231 
397,214,935,970,735,716,808,619,20,313 
399,90,978,839,354,915,902,224,177,549 
693,393,451,687,199,361,300,431,917,28 
28,185,339,944,193,8,193,459,668,180 
251,679,73,200,704,83,664,302,296,336 
760,210,527,397,979,824,86,527,533,283 
784,952,966,650,762,298,135,657,836,657 
681,954,284,378,593,181,122,396,551,275 
805,906,446,451,900,105,198,800,474,428 
229,639,656,34,252,32,134,465,485,504 
773,801,922,257,779,71,601,255,625,164 
957,695,298,154,102,470,281,475,471,987 
37,781,16,794,601,270,946,686,212,104 
784,226,463,0,253,821,260,193,736,296 
748,176,924,908,417,508,164,373,114,485 
947,709,405,70,634,126,774,703,291,784 
222,747,266,507,527,67,12,714,747,765 
751,388,917,853,737,720,87,261,700,348 
650,4,390,26,436,585,32,312,204,651 
940,258,625,679,89,862,280,436,36,508 
900,774,564,24,848,109,631,422,872,9 
11,184,814,564,172,622,616,28,748,739 
966,596,442,777,161,175,185,8,511,136 
320,40,780,144,618,128,538,437,980,810 
168,787,844,653,289,873,305,198,468,179 
781,12,617,976,390,95,419,391,924,541 
800,827,398,304,821,872,517,559,478,560 
402,208,772,415,147,823,472,703,856,317 
603,889,788,959,592,985,551,610,153,796 
896,992,558,945,728,890,372,265,802,203 
345,548,758,716,886,466,605,601,814,994 
590,55,851,978,783,912,696,332,175,525 
72,842,304,14,21,678,211,361,93,776 
412,885,447,260,900,394,604,623,484,320 
216,742,399,48,791,211,993,250,204,365 
52,923,77,107,129,291,18,525,419,65 
380,400,407,772,291,251,823,687,544,74 
31,311,921,863,847,988,355,879,726,330 
169,272,400,459,498,462,262,2,577,916 
947,302,838,77,431,50,674,255,413,709 
375,296,575,467,702,432,321,95,554,707 
707,451,282,289,143,774,964,100,291,56 
717,182,785,861,477,436,321,924,183,930 
344,314,254,52,82,680,306,847,946,758 
682,418,707,730,180,164,383,177,152,251 
260,889,83,350,855,265,78,112,624,125 
814,138,637,961,215,11,466,25,842,62 
286,204,102,32,242,547,178,517,242,881 
864,111,710,144,406,57,114,389,758,542 
984,266,469,17,552,591,232,112,646,939 
18,922,625,804,754,658,84,9,985,32 
213,81,762,850,595,386,810,516,637,87 
567,497,718,303,445,700,596,374,827,552 
63,266,317,880,335,300,138,715,430,937 
437,672,636,421,489,691,714,763,597,841 
262,642,727,37,845,7,525,943,62,283 
174,278,3,410,551,138,467,360,826,472 
715,807,81,491,563,241,432,803,468,222 
920,957,47,419,112,95,849,87,454,574 
251,539,860,582,509,654,773,725,82,2 
806,956,15,30,265,107,165,561,309,688 
807,328,250,452,813,340,672,938,6,723 
207,749,996,113,672,77,313,938,971,877 
856,823,242,660,279,27,778,189,472,737 
842,214,430,220,661,306,740,82,929,971 
793,102,753,655,240,929,704,62,668,860 
348,982,721,620,122,82,141,394,864,141 
54,22,917,887,109,583,21,571,688,226 
585,949,157,909,611,210,417,303,471,757 
665,14,940,795,840,812,674,293,632,214 
102,440,636,682,417,610,225,757,663,330 
692,119,146,236,518,276,199,737,21,431 
872,799,684,973,561,794,155,83,262,934 
401,764,537,752,357,787,2,320,764,394 
478,557,717,925,10,885,337,630,913,215 
742,934,1,248,922,548,908,853,372,5 
162,67,958,656,484,777,662,380,459,999 
949,777,671,542,935,216,220,291,352,360 
774,993,728,630,325,746,341,392,955,138 
472,526,707,976,554,77,196,985,28,137 
642,675,557,927,174,43,430,932,380,491 
802,782,194,828,889,669,408,899,707,997 
314,187,474,962,363,528,649,232,244,363 
537,175,90,855,882,15,422,774,149,926 
77,272,952,995,40,90,843,758,430,263 
744,102,413,510,496,982,295,23,807,5 
241,827,129,648,943,783,143,975,739,788 
505,889,445,983,560,28,748,432,571,229 
131,329,726,728,710,965,420,205,579,130 
337,343,518,476,402,842,613,176,768,600 
786,553,815,976,303,987,996,53,731,546 
877,614,299,645,851,502,372,469,491,442 
420,772,306,107,184,380,430,584,616,613 
841,369,375,745,680,281,791,744,707,889 
257,268,325,349,938,224,922,670,681,322 
480,851,76,49,543,285,746,685,850,854 
220,170,415,692,181,560,683,663,753,779 
630,877,849,722,862,343,92,269,336,746 
913,912,593,484,736,702,234,840,169,316 
850,720,789,468,989,718,529,34,82,767 
384,399,843,444,752,807,157,79,925,769 
624,742,193,507,56,231,285,71,233,649 
777,813,530,298,887,86,856,850,534,179 
459,931,266,288,333,451,321,249,566,416 
121,535,942,152,564,494,930,393,181,134 
183,291,365,180,117,24,302,213,962,645 
209,535,904,585,266,627,936,302,313,466 
925,448,948,923,174,441,695,935,419,583 
646,217,593,523,697,341,904,375,958,660 
177,371,869,73,741,587,460,844,297,113 
211,600,510,938,218,538,516,720,150,208 
583,380,26,604,82,661,546,308,743,250 
803,352,648,759,375,39,264,703,276,301 
155,479,916,693,692,819,983,375,957,743 
884,807,17,252,639,818,166,125,596,197 
446,324,401,884,748,718,450,971,883,320 
318,396,602,5,431,990,892,917,479,895 
900,611,422,94,230,467,847,687,681,766 
834,364,560,139,221,964,352,420,595,722 
115,762,862,53,963,486,953,967,634,206 
974,941,854,104,87,394,634,917,152,256 
392,413,273,980,459,971,89,517,224,276 
485,9,756,682,49,387,584,448,549,69 
250,225,753,181,374,241,139,400,233,231 
221,368,717,157,44,83,521,790,218,18 
32,771,501,10,466,746,449,714,423,36 
960,65,631,857,946,692,440,299,800,74 
927,851,633,268,575,899,583,875,799,306 
764,791,357,773,503,42,80,576,851,855 
132,977,734,50,447,157,206,934,72,937 
471,949,511,519,162,927,519,931,488,929 
296,385,956,537,386,333,622,629,923,399 
251,61,825,65,850,827,532,462,98,589 
858,600,839,140,998,438,931,869,3,553 
160,106,986,913,92,692,67,744,174,814 
71,771,709,833,172,593,144,584,210,217 
992,319,371,508,657,589,336,364,943,427 
342,840,966,368,71,437,74,330,724,378 
716,355,40,368,878,894,456,204,869,540 
735,83,501,24,310,681,164,427,873,141 
732,12,36,612,44,672,580,137,968,130 
538,190,220,151,946,970,280,224,906,919 
645,653,5,742,582,907,720,666,769,681 
852,934,709,597,858,275,334,342,557,641 
811,277,656,825,673,725,976,150,968,788 
700,222,715,997,170,360,837,924,339,724 
503,181,894,609,470,209,643,375,929,574 
525,866,632,513,650,511,408,539,687,334 
395,429,652,628,372,618,280,676,720,160 
437,882,312,721,339,748,227,620,203,685 
968,723,553,294,577,994,253,851,780,827 
371,760,675,56,750,486,907,998,403,510 
337,938,201,97,296,563,207,466,232,603 
774,888,512,483,54,987,100,282,956,634 
873,554,432,783,997,992,76,368,565,54 
625,555,878,86,188,933,212,5,798,327 
217,657,105,957,973,673,957,676,596,0 
19,368,445,429,889,503,70,25,412,173 
133,230,556,757,513,305,977,641,496,292 
555,183,658,659,375,264,266,384,853,293 
212,413,398,888,57,974,4,452,8,512 
393,475,72,802,441,514,624,206,956,522 
375,76,795,230,279,108,700,252,947,797 
33,586,298,687,306,991,588,482,859,707 
801,880,704,795,97,598,68,453,982,458 
705,572,685,81,474,808,860,872,525,86 
717,125,500,408,184,370,298,840,792,556 
826,654,731,654,179,316,597,741,625,154 
366,80,877,114,719,919,228,714,453,956 
836,802,780,450,299,553,92,128,922,753 
185,242,343,131,28,5,592,752,687,573 
603,333,198,477,435,481,57,753,860,255 
846,635,736,251,643,233,42,571,481,840 
247,403,820,799,396,621,359,938,403,179 
28,368,111,258,489,692,799,269,150,821 
992,411,619,858,66,30,647,62,572,657 
931,923,132,949,892,951,958,176,903,352 
542,922,351,108,881,869,867,865,181,529 
707,94,154,202,672,308,104,311,171,533 
311,39,893,215,733,497,598,893,201,640 
738,979,351,145,269,283,981,891,919,209 
642,706,715,503,862,456,585,254,13,769 
572,506,141,393,901,312,566,324,710,14 
65,705,387,311,601,44,738,107,462,943 
907,479,689,212,83,901,970,322,691,723 
245,785,853,248,35,691,534,689,748,329 
399,487,722,512,165,994,544,446,41,702 
882,997,498,488,79,522,158,749,696,994 
848,95,60,611,955,365,868,434,732,422 
218,630,781,162,519,487,734,909,417,828 
599,809,403,777,224,478,326,377,809,313 
406,190,765,671,215,218,889,444,918,312 
91,20,532,884,933,284,989,324,513,326 
783,218,831,416,310,263,961,416,420,613 
199,62,190,425,22,430,433,595,548,64 
547,371,743,390,767,802,587,617,928,546 
658,848,390,867,549,495,862,83,961,80 
76,577,957,976,308,743,456,936,919,425 
79,894,688,22,756,808,229,322,226,981 
595,325,957,72,347,276,814,777,857,250 
188,482,419,530,559,827,494,844,77,490 
355,330,567,371,289,485,934,783,100,49 
159,316,580,369,286,881,328,225,854,988 
289,62,390,978,739,92,639,899,998,772 
763,311,667,727,520,409,890,972,841,678 
232,50,525,282,133,875,633,24,700,453 
800,243,963,725,715,997,34,322,820,675 
209,708,476,916,658,967,197,293,182,832 
409,714,467,682,857,554,579,789,34,272 
664,109,9,833,499,890,935,983,916,977 
920,857,715,446,669,396,541,668,674,115 
162,363,882,782,771,893,942,10,434,197 
724,637,626,140,916,716,44,321,750,195 
59,917,927,992,176,448,51,20,527,91 
820,759,322,75,288,159,524,790,761,788 
597,14,854,100,988,751,998,30,36,783 
700,613,677,97,767,955,459,629,529,847 
940,72,63,420,914,315,247,456,792,42 
781,358,722,452,761,336,109,858,618,380 
365,694,214,865,413,490,113,639,177,17 
858,17,872,518,294,96,237,399,364,821 
309,653,215,50,187,387,226,197,94,201 
461,738,76,956,206,205,24,403,547,617 
22,984,724,295,416,234,989,70,313,355 
249,547,310,403,818,117,492,312,821,952 
941,919,19,868,341,4,929,98,184,969 
33,643,726,919,633,988,142,359,762,73 
800,923,75,165,711,775,43,627,595,837 
582,221,333,321,311,22,315,625,499,982 
379,496,158,322,5,417,119,477,993,266 
758,223,895,764,574,599,517,253,102,752 
731,264,953,374,426,818,309,804,995,954 
841,924,157,580,463,906,182,745,177,821 
690,647,160,610,825,329,399,102,83,235 
30,600,423,220,474,226,185,111,834,546 
289,680,661,393,576,320,583,367,854,645 
418,920,287,297,41,743,676,237,688,6 
909,235,591,863,260,309,262,994,165,132 
618,316,625,40,676,992,26,169,963,844 
65,160,520,699,403,630,688,402,402,910 
646,609,823,193,550,345,798,535,471,748 
738,588,488,789,959,967,739,301,526,10 
958,775,931,230,326,953,538,751,806,751 
936,816,678,366,918,482,7,673,304,30 
850,884,932,325,960,291,838,119,340,333 
344,984,693,691,295,76,248,575,785,163 
602,698,74,621,530,126,61,714,581,357 
207,798,147,316,136,872,63,808,275,30 
189,147,621,599,955,643,258,860,378,272 
259,372,806,383,507,258,184,111,217,85 
829,375,792,284,31,123,289,524,865,417 
746,831,104,268,728,771,605,708,384,164 
784,776,524,127,806,746,937,892,82,109 
876,446,450,765,964,491,568,650,883,595 
121,91,407,630,227,723,397,855,967,819 
709,959,333,308,496,271,791,574,30,854 
422,690,172,42,321,89,202,983,740,799 
339,505,852,616,717,992,416,589,457,719 
84,562,205,41,239,359,692,105,228,449 
407,20,950,901,748,973,77,736,749,84 
45,702,412,812,869,85,538,303,445,45 
295,401,312,366,747,854,185,86,899,537 
474,293,471,674,880,71,33,194,763,382 
48,606,329,810,402,942,585,902,856,193 
381,287,915,743,664,3,892,474,175,484 
137,922,773,640,732,700,143,758,253,670 
550,815,544,185,34,31,265,940,827,174 
396,297,635,8,201,678,656,829,268,98 
317,413,211,753,512,444,800,854,574,102 
446,820,595,815,137,626,102,329,358,913 
528,699,929,667,981,379,478,249,851,232 
607,928,975,350,971,90,984,262,288,885 
387,601,96,826,133,154,822,132,591,613 
844,490,883,440,45,123,990,196,37,53 
390,872,336,514,98,154,808,80,48,34 
384,619,217,782,525,578,769,820,989,674 
227,847,439,627,513,416,562,413,89,640 
906,942,900,240,796,947,432,694,267,928 
765,116,971,550,516,158,219,376,130,728 
248,602,981,450,60,775,22,161,237,557 
44,195,825,143,113,606,735,751,454,5 
666,950,114,440,487,793,703,151,949,625 
829,124,164,200,208,810,805,755,981,397 
42,240,162,367,871,421,923,108,189,986 
240,899,832,133,219,810,910,432,592,893 
71,497,902,930,924,854,954,196,257,578 
722,641,620,313,351,682,751,396,899,464 
586,745,642,941,481,674,702,214,197,704 
698,739,742,556,384,215,558,865,214,427 
457,386,666,618,800,364,423,528,173,455 
144,172,289,806,817,263,433,424,956,439 
440,859,121,325,837,573,719,128,444,342 
183,243,691,981,697,946,619,973,950,220 
54,51,3,109,127,95,759,411,701,965 
748,115,690,759,593,624,256,769,8,183 
963,976,427,489,578,127,370,54,878,272 
495,106,389,404,771,439,432,887,673,391 
288,587,528,716,936,311,406,839,876,259 
847,25,199,835,773,881,978,149,522,898 
520,137,216,463,670,197,546,614,992,818 
867,959,879,310,620,688,390,879,380,710 
124,744,543,298,428,403,553,405,87,883 
468,17,988,501,892,374,613,371,132,638 
403,348,538,942,868,643,893,361,560,539 
119,418,428,516,221,286,253,268,571,547 
342,397,548,641,885,830,511,236,487,441 
750,363,332,81,448,56,173,782,222,284 
706,951,379,966,416,890,820,496,639,131 
583,791,402,894,504,589,856,82,286,60 
287,157,76,105,832,430,75,378,269,371 
460,813,727,191,948,983,693,311,817,886 
182,626,337,60,647,147,305,112,993,172 
443,106,921,553,153,347,915,838,997,87 
233,181,715,0,308,88,582,464,422,231 
895,379,926,63,181,678,810,872,526,184 
3,680,523,851,58,825,577,359,880,700 
532,756,436,1,78,153,325,813,693,358 
839,421,691,858,475,325,639,210,118,112 
696,127,483,907,154,338,349,658,313,895 
261,494,890,300,818,610,554,580,510,497 
261,852,572,895,136,160,352,392,387,635 
463,624,910,402,726,271,908,276,486,480 
965,464,756,303,765,491,351,910,658,229 
547,290,979,966,18,14,227,354,842,564 
309,350,490,83,466,325,741,658,653,700 
393,7,848,791,378,852,975,134,912,614 
162,231,903,380,785,625,804,865,687,906 
893,525,361,446,817,70,464,828,231,159 
506,495,83,122,702,782,627,935,526,672 
791,385,287,160,447,625,876,144,255,866 
409,381,741,240,347,871,314,341,925,787 
247,521,925,831,351,694,317,882,426,62 
501,941,171,409,909,946,263,158,400,255 
365,941,437,247,709,743,263,110,209,875 
372,758,912,423,947,651,489,486,86,151 
965,435,15,410,397,955,327,938,490,16 
794,843,468,472,134,692,266,472,201,966 
824,862,890,153,839,906,488,228,894,544 
432,673,110,796,178,675,43,954,66,493 
718,962,228,456,535,77,192,552,552,190 
230,291,469,103,939,712,248,759,505,80 
985,373,908,875,690,772,289,219,544,979 
401,349,989,344,627,881,59,904,712,174 
443,989,664,226,523,661,994,710,838,595 
984,195,614,364,769,51,684,216,400,598 
320,66,33,671,180,30,220,722,610,863 
938,60,807,650,428,143,271,674,948,41 
903,808,667,952,193,831,977,972,170,162 
874,240,240,987,670,855,527,784,473,759 
642,820,361,141,999,127,215,989,875,67 
36,43,597,708,260,539,15,59,856,113 
118,720,309,502,915,497,346,72,281,963 
272,421,967,227,778,172,16,530,507,40 
917,731,526,25,861,170,201,241,179,83 
955,680,5,636,876,804,525,552,884,992 
112,817,603,744,459,713,768,78,126,93 
333,701,609,591,176,240,387,54,372,109 
121,948,301,67,275,92,307,77,586,390 
318,402,982,360,712,330,404,210,368,520 
213,646,714,119,569,443,795,194,938,501 
499,491,158,706,3,943,555,875,302,477 
839,573,652,377,888,19,297,914,637,698 
573,764,432,848,836,442,43,786,757,716 
719,97,904,16,52,56,705,824,195,77 
649,112,599,721,811,227,441,838,588,617 
627,780,740,431,860,496,689,539,210,81 
794,298,150,112,1,431,177,676,90,42 
85,414,640,92,950,392,855,626,703,541 
700,653,185,173,352,949,229,136,307,117 
811,828,326,655,875,597,793,829,345,367 
778,81,158,995,607,290,921,636,227,124 
636,549,980,74,986,81,798,418,711,158 
648,901,640,646,955,865,346,780,643,445 
358,664,622,897,930,839,826,328,146,770 
788,539,53,672,530,587,965,891,513,890 
550,132,202,854,711,956,32,955,582,49 
525,196,462,473,914,846,196,845,709,913 
760,821,933,436,110,724,465,628,267,536 
374,816,573,984,703,924,268,530,23,536 
453,336,586,13,396,726,121,523,705,219 
476,914,284,482,514,139,123,604,357,537 
866,43,568,210,721,765,866,668,313,531 
716,134,480,445,30,748,997,413,888,230 
461,100,132,278,532,148,481,412,583,964 
249,879,309,753,956,506,990,847,870,449 
684,612,476,255,582,189,132,118,868,256 
674,217,4,541,495,33,915,353,667,91 
199,464,483,50,361,558,262,958,504,835 
697,984,520,241,491,160,626,595,106,494 
837,907,252,506,82,280,242,8,573,339 
623,435,951,956,814,957,728,918,809,24 
890,187,214,588,929,45,92,22,455,739 
155,809,372,956,545,483,890,443,777,350 
102,438,678,914,595,853,454,412,440,604 
441,293,490,805,753,882,460,445,51,835 
666,353,491,714,654,445,862,777,705,568 
929,176,339,128,183,578,886,941,815,468 
901,517,524,49,682,436,381,197,892,173 
837,612,327,889,22,373,254,210,46,392 
195,397,532,889,319,586,219,113,829,754 
61,352,353,468,179,16,767,395,792,89 
469,856,86,789,42,175,408,119,600,913 
798,452,364,269,23,702,887,699,713,769 
12,311,12,588,914,502,724,454,484,649 
517,907,340,251,201,505,886,120,845,131 
920,995,674,985,360,812,327,938,605,741 
147,31,135,600,672,293,715,831,523,135 
439,959,240,702,564,945,355,398,520,414 
513,166,915,455,957,203,954,247,102,241 
895,677,837,464,570,545,293,486,376,602 
91,559,698,698,437,14,905,487,375,727 
412,879,344,491,148,367,155,454,551,976 
529,808,120,975,60,750,112,951,415,524 
774,876,625,162,114,839,168,648,191,913 
330,551,870,102,566,446,391,224,961,205 
979,797,325,578,85,790,28,638,174,580 
314,122,544,601,184,707,2,81,549,799 
643,531,999,652,498,535,215,804,761,790 
59,182,217,801,68,803,889,23,184,59 
704,734,386,925,938,37,133,968,360,923 
24,344,527,512,43,440,35,775,959,584 
917,764,172,163,447,80,468,520,248,981 
532,987,954,680,219,720,953,475,699,699 
918,931,909,182,730,389,817,24,622,240 
763,951,167,263,368,530,495,886,807,805 
174,733,749,353,680,454,249,311,623,871 
87,793,961,533,496,278,109,597,310,856 
575,616,749,340,115,290,716,597,790,999 
347,172,952,547,567,689,485,868,345,927 
74,199,61,135,813,363,77,811,958,798 
653,884,458,58,554,75,918,363,620,217 
232,735,835,172,696,187,293,902,838,14 
973,339,606,397,783,927,142,91,120,81 
600,369,347,400,610,977,174,329,251,899 
435,522,992,219,210,414,749,184,68,181 
47,89,58,815,69,709,908,78,991,303 
181,709,551,205,948,464,621,652,470,993 
718,657,894,580,516,646,310,800,296,671 
975,35,260,232,13,80,637,437,902,648 
110,597,857,754,304,452,523,656,197,940 
756,416,212,911,976,323,278,868,690,238 
943,187,819,458,496,54,104,570,913,831 
161,872,933,304,62,725,838,723,740,588 
742,886,533,49,47,810,478,19,283,505 
522,794,101,809,995,943,336,945,760,288 
30,831,898,380,696,12,929,153,997,661 
148,631,686,543,286,848,126,773,323,255 
358,377,721,107,326,381,324,206,584,877 
450,254,439,171,629,687,853,613,455,58 
593,991,143,687,751,745,841,346,514,526 
740,949,909,392,261,754,831,178,385,163 
660,412,256,904,744,205,493,404,78,312 
578,37,727,557,0,646,631,338,564,122 
873,766,365,87,114,363,433,765,883,789 
55,978,8,147,920,435,877,465,655,801 
472,751,607,885,186,138,908,489,767,701 
161,541,542,828,264,851,698,612,817,920 
494,906,306,487,359,127,572,155,499,349 
998,888,999,48,75,439,62,739,694,300 
726,150,454,702,229,378,892,891,553,289 
17,477,940,93,501,621,662,99,162,18 
372,2,847,862,287,406,696,710,392,876 
499,452,967,514,389,842,194,533,251,508 
58,525,765,931,810,761,956,450,921,802 
588,175,687,223,333,71,851,525,595,534 
67,169,678,299,725,931,444,4,498,296 
49,394,667,172,905,307,699,826,292,808 
404,747,48,747,109,142,549,224,977,593 
857,516,419,397,708,918,189,423,325,216 
96,648,67,641,998,643,25,555,27,926 
105,365,706,311,497,980,900,164,770,235 
483,183,117,131,780,396,432,832,667,865 
526,235,240,553,453,5,624,68,225,479 
207,255,430,699,184,283,986,214,591,509 
745,612,797,969,538,536,251,180,847,487 
627,69,658,384,79,22,882,506,532,989 
701,866,873,265,471,447,242,540,865,220 
482,300,533,241,157,357,702,774,611,599 
932,174,912,695,44,667,968,340,167,692 
984,361,281,944,120,450,177,293,340,396 
977,834,298,798,411,533,461,222,299,42 
384,417,76,240,127,619,154,441,927,919 
95,351,118,315,849,846,605,276,376,969 
914,809,965,76,473,342,254,35,75,80 
39,54,343,392,434,51,900,541,935,542 
105,682,295,70,235,962,945,455,502,43 
463,215,199,134,803,735,438,385,539,873 
409,503,637,825,458,702,939,337,483,50 
231,324,792,842,330,303,771,751,789,743 
374,469,651,803,728,551,254,383,634,827 
510,473,563,663,496,132,408,743,3,303 
655,221,806,866,802,371,893,572,778,535 
74,659,649,724,359,649,841,401,322,503 
483,256,610,833,455,941,718,461,818,568 
405,713,318,562,912,17,579,640,507,946 
971,487,106,94,507,556,520,804,590,606 
227,107,28,27,156,827,831,787,18,280 
662,797,525,84,666,125,352,143,133,518 
921,949,523,113,202,405,177,866,193,890 
234,940,69,296,393,601,199,300,648,63 
568,136,855,10,577,506,664,682,628,431 
70,689,602,977,422,787,79,363,998,658 
927,941,427,318,428,937,54,69,223,552 
870,92,283,337,537,722,418,39,27,773 
855,702,25,316,331,266,520,552,547,605 
23,208,966,163,875,119,484,362,624,756 
625,603,333,670,441,264,912,546,966,273 
801,43,301,847,195,340,191,12,316,317 
915,677,606,551,241,334,102,710,481,944 
562,674,785,561,736,850,909,208,585,414 
57,395,36,166,586,951,279,765,659,987 
320,620,636,714,537,892,932,587,690,628 
879,38,937,682,274,766,236,434,131,789 
991,913,678,249,473,828,314,561,977,226 
795,715,382,970,304,406,579,515,164,670 
665,166,570,401,167,746,137,573,685,436 
135,956,214,112,770,902,860,104,665,417 
381,904,826,87,779,924,317,773,777,783 
85,283,857,137,598,788,466,483,529,84 
359,354,405,449,179,606,448,735,200,318 
420,204,328,418,188,837,562,973,117,715 
526,349,914,70,324,967,943,156,373,284 
375,805,277,66,257,126,57,520,333,393 
11,475,293,293,644,366,254,263,601,233 
270,413,182,928,783,459,878,526,809,564 
117,599,270,854,181,775,951,778,644,98 
412,774,319,457,241,569,767,726,276,707 
538,588,842,214,661,693,897,269,389,497 
624,624,829,208,459,145,281,797,83,606 
769,768,194,19,81,398,244,243,845,486 
201,923,258,874,543,19,816,344,188,226 
931,317,137,541,401,909,522,475,78,73 
585,552,18,853,619,884,820,276,354,400 
801,971,522,260,45,40,759,95,505,981 
771,420,965,364,38,806,269,336,966,480 
951,141,894,884,685,294,442,517,150,281 
816,530,295,33,290,978,118,528,592,559 
39,63,475,737,711,771,276,192,358,694 
531,4,58,87,724,380,734,718,971,386 
161,992,856,744,755,356,54,593,754,696 
253,654,307,115,999,691,309,727,248,989 
895,82,566,531,817,890,424,326,743,874 
499,679,994,142,847,835,193,31,777,493 
134,451,290,976,867,980,852,359,10,155 
508,844,628,617,946,729,297,746,414,910 
174,118,566,23,333,845,786,513,630,727 
920,170,475,221,106,146,618,7,325,889 
211,539,701,943,489,966,421,762,134,851 
242,967,254,150,327,88,318,891,195,726 
877,479,558,707,144,850,731,847,116,488 
135,638,684,11,784,690,731,215,960,305 
755,913,281,893,484,917,754,572,144,74 
704,717,523,652,960,958,560,526,640,188 
78,434,861,647,777,103,55,497,973,790 
721,92,142,201,965,901,114,63,884,769 
784,128,227,538,458,594,201,326,446,878 
477,836,347,498,644,403,462,596,712,353 
75,591,420,749,185,541,731,330,302,490 
713,473,818,992,994,250,832,572,294,350 
575,805,886,547,279,44,88,165,222,436 
37,158,458,960,612,874,289,747,864,361 
940,920,564,745,722,846,119,320,433,351 
242,843,215,182,887,286,422,491,11,449 
678,221,876,539,61,547,446,749,865,398 
78,597,638,414,682,317,43,319,320,192 
383,103,370,177,537,599,195,848,77,684 
116,866,938,58,39,676,752,492,261,187 
423,50,91,827,858,999,126,921,739,157 
879,703,200,312,930,69,843,372,424,854 
335,771,845,222,558,679,588,69,911,392 
662,184,549,635,273,765,539,304,301,9 
452,190,402,425,991,901,221,865,463,367 
945,707,816,348,810,671,61,120,214,315 
759,219,548,584,488,214,518,978,822,141 
546,57,547,877,171,800,904,170,48,34 
354,445,986,868,181,986,361,674,884,2 
736,306,547,849,44,263,964,101,852,371 
677,441,82,77,843,318,944,506,56,845 
38,211,367,427,912,851,576,209,523,828 
63,23,296,309,455,965,665,617,540,590 
193,982,814,721,592,121,50,909,52,715 
370,576,243,578,156,436,565,487,624,559 
574,727,50,709,417,416,704,796,920,570 
286,620,791,335,957,25,865,360,490,822 
235,118,66,80,308,18,699,884,854,433 
278,454,446,8,89,127,118,759,649,817 
37,349,268,579,652,921,748,580,145,200 
48,765,432,263,764,800,269,790,929,959 
399,535,640,738,110,939,551,97,197,264 
574,586,347,968,411,295,275,72,921,623 
115,739,887,159,361,707,13,725,513,100 
514,569,420,973,585,488,579,963,833,431 
201,756,355,888,686,765,479,620,791,953 
495,765,835,326,797,183,289,957,768,675 
133,766,554,382,281,894,45,444,216,558 
267,957,574,857,693,674,691,177,11,559 
486,887,834,716,958,405,772,889,468,458 
18,389,380,737,324,83,147,198,352,946 
90,799,1,224,256,450,863,762,630,809 
852,818,115,510,903,526,304,860,889,353 
542,549,413,792,219,226,877,203,772,154 
935,605,44,369,726,394,579,60,573,109 
370,263,630,187,850,851,209,207,548,711 
160,75,259,466,863,351,222,163,561,450 
649,517,949,426,515,450,544,825,843,162 
692,22,827,504,605,349,727,345,652,749 
255,138,341,419,791,486,667,968,319,745 
172,36,623,427,927,421,899,100,857,16 
484,216,598,578,310,216,157,692,830,77 
469,793,332,617,539,470,78,884,910,605 
901,480,841,501,336,217,175,209,646,836 
814,115,402,819,185,933,639,283,9,316 
402,898,911,314,647,736,888,942,132,745 
802,210,114,547,206,169,985,883,715,819 
931,854,186,334,753,687,241,187,217,28 
503,810,865,773,950,354,534,770,30,201 
829,160,397,565,346,88,605,653,127,931 
574,934,204,110,923,214,437,942,537,791 
713,225,176,336,110,465,846,710,226,885 
657,458,957,349,267,471,434,266,803,731 
196,135,605,64,269,752,363,317,514,998 
484,269,210,509,251,604,293,986,388,794