780,12,34,553,489,54,804,896,180,93 
75,715,87,907,114,768,408,801,215,253 
5,814,371,104,494,943,777,21,899,507 
86,203,452,738,238,257,671,841,576,378 
804,397,143,241,149,458,489,579,473,22 
453,280,520,70,285,493,64,709,11,162 
45,85,776,307,240,323,87,885,326,396 
233,62,273,917,945,433,877,676,855,54 
152,833,418,562,508,336,350,199,617,109 
222,418,531,876,427,973,83,501,306,337 
610,145,699,50,951,363,350,727,425,5 
968,564,873,254,515,990,15,29,67,82 
45,845,629,634,360,245,602,605,706,787 
313,122,397,460,347,609,770,642,736,310 
488,955,495,51,288,506,298,472,300,876 
200,514,344,129,403,829,624,356,714,295 
881,9,242,171,901,723,325,983,246,351 
356,938,123,88,768,749,200,911,252,445 
559,359,919,642,77,587,414,536,96,149 
846,111,772,739,463,313,765,224,364,671 
214,372,142,112,200,209,361,728,966,435 
62,289,949,115,975,208,305,857,497,374 
987,995,891,217,775,694,766,223,953,143 
429,63,39,559,843,883,410,361,715,998 
582,225,610,318,569,195,794,974,64,149 
912,75,69,394,837,721,733,276,393,313 
46,141,603,481,245,891,253,416,597,133 
364,308,892,86,110,106,231,548,444,545 
958,693,215,580,146,280,663,410,355,499 
902,764,639,486,706,458,804,107,482,138 
534,553,496,934,963,180,789,305,356,962 
882,390,951,556,962,508,535,599,333,218 
5,694,303,307,432,502,208,254,903,134 
716,350,727,920,346,856,697,384,2,390 
243,945,56,415,622,46,997,480,471,100 
212,163,991,545,786,323,661,328,214,249 
76,197,209,702,551,7,759,454,712,279 
371,741,584,756,113,993,568,384,404,867 
302,98,408,195,636,24,833,591,867,281 
947,47,509,981,579,561,991,546,866,308 
653,956,282,571,535,23,241,888,729,764 
395,858,961,558,892,580,849,240,810,451 
653,765,513,396,606,771,224,880,317,900 
472,390,67,947,661,723,29,472,77,632 
397,176,214,783,35,340,420,827,306,539 
184,452,839,319,52,468,437,201,394,433 
180,506,77,711,520,672,271,561,813,681 
449,804,799,774,737,169,544,111,5,340 
651,175,495,293,662,684,777,251,188,557 
495,848,576,960,843,845,222,63,524,602 
915,438,520,410,885,308,680,41,244,596 
835,83,312,575,34,187,140,647,491,708 
993,770,882,640,837,817,801,954,194,652 
119,418,539,661,791,565,809,989,335,317 
524,559,969,428,516,823,975,529,72,613 
7,53,981,796,286,709,184,98,153,276 
592,596,950,339,386,184,681,168,383,230 
603,393,67,643,316,267,684,803,81,915 
427,842,337,80,191,992,801,476,124,391 
63,773,323,994,76,380,459,843,435,888 
933,769,622,104,573,949,31,476,780,143 
588,414,323,762,372,563,106,216,782,592 
486,67,552,58,424,962,725,62,834,300 
256,706,645,908,109,766,839,352,959,346 
464,880,540,662,155,176,508,520,809,290 
200,589,408,507,808,895,427,296,309,711 
380,389,189,80,501,1,236,416,299,210 
143,259,779,864,181,197,599,153,294,788 
201,585,437,232,136,563,74,96,488,832 
112,651,84,570,621,199,879,838,976,721 
880,381,676,785,531,597,859,345,371,144 
22,411,750,505,408,788,546,958,547,633 
747,158,50,916,574,905,309,907,855,390 
339,909,303,413,266,514,138,858,634,446 
372,674,159,737,843,806,133,190,176,1 
846,806,615,263,103,120,950,420,968,600 
123,261,562,73,358,47,900,584,701,3 
342,335,421,499,854,98,270,156,400,353 
352,399,848,851,186,293,355,347,273,119 
555,154,893,768,410,25,383,639,766,312 
23,356,531,824,675,150,742,322,521,647 
701,554,621,798,684,251,214,790,226,328 
546,215,2,172,834,457,661,527,249,201 
733,342,198,378,333,22,208,193,420,588 
57,324,432,556,707,727,918,732,927,141 
256,355,5,168,344,268,990,446,609,137 
661,416,733,998,964,39,968,4,58,565 
979,230,338,718,901,795,951,673,780,8 
523,918,969,937,367,486,601,716,325,786 
608,179,617,161,241,532,166,233,776,494 
484,585,504,650,39,624,768,908,852,790 
568,868,964,158,49,22,619,92,458,682 
10,409,880,808,16,55,69,148,927,779 
697,617,43,551,870,414,814,665,69,834 
398,515,766,773,120,95,708,836,125,751 
639,928,930,47,307,916,102,520,70,217 
205,57,167,585,586,323,618,284,345,26 
840,801,665,699,555,613,480,551,735,73 
625,3,731,395,577,192,543,292,680,269 
224,921,666,367,55,936,13,195,831,137 
301,920,677,478,386,988,634,49,939,489 
12,745,900,267,467,560,275,456,815,803 
81,853,158,615,227,490,235,772,544,617 
866,289,821,648,264,877,140,15,432,525 
908,152,312,902,569,52,338,417,740,844 
630,134,149,330,701,198,212,860,632,353 
968,705,15,528,15,188,45,961,460,683 
569,581,198,619,447,103,964,329,21,843 
559,775,890,952,624,49,696,691,761,299 
122,354,944,585,961,266,581,642,9,654 
132,178,832,660,190,275,158,549,138,423 
247,873,121,93,542,741,655,565,428,515 
157,649,382,883,116,283,948,155,388,605 
486,552,194,609,41,568,760,365,303,334 
294,250,21,825,406,458,53,490,837,195 
196,88,574,676,950,521,912,171,373,711 
992,633,233,556,713,979,257,252,903,406 
143,598,300,181,986,574,522,314,965,802 
902,231,389,615,622,576,112,879,689,367 
568,809,108,754,542,278,542,349,524,571 
65,480,571,488,920,22,899,323,568,369 
313,738,231,380,930,652,913,39,414,2 
858,561,120,487,102,13,506,777,43,59 
13,3,752,945,133,40,295,30,379,294 
429,932,597,445,11,704,760,506,949,174 
414,301,711,981,330,907,704,653,551,593 
382,248,408,902,377,716,899,211,28,876 
639,785,301,645,749,575,702,756,987,127 
548,146,818,20,229,913,793,99,47,853 
242,530,547,202,523,353,216,317,631,532 
707,690,27,570,500,970,349,365,780,7 
125,6,963,966,40,956,695,806,937,41 
462,939,0,793,284,226,783,760,944,865 
991,511,17,885,362,659,598,934,9,330 
674,867,421,626,886,486,258,464,425,659 
224,634,355,842,859,634,719,359,675,599 
110,994,750,249,464,184,216,49,246,165 
541,571,163,236,437,505,785,470,894,189 
471,106,760,258,784,38,81,704,879,899 
696,338,14,654,87,318,534,472,746,488 
681,196,829,915,843,832,785,733,487,106 
478,910,382,712,821,917,234,852,92,47 
961,530,965,333,524,672,792,208,439,689 
284,220,747,749,821,38,295,617,295,340 
854,782,696,759,529,513,788,87,629,118 
170,612,799,922,292,540,820,724,948,413 
365,654,201,457,768,654,945,705,962,555 
272,96,64,231,527,21,12,640,632,924 
588,162,509,162,727,501,73,738,497,118 
934,649,734,644,53,178,699,34,349,871 
440,340,546,494,681,359,95,299,260,130 
286,343,989,539,387,541,284,471,601,853 
120,290,396,415,822,79,294,253,441,125 
733,93,237,30,897,170,463,620,83,102 
612,642,745,758,946,501,415,282,427,246 
183,503,373,932,985,235,351,778,613,237 
711,371,485,134,14,261,688,384,996,361 
449,961,64,958,110,332,920,524,772,548 
183,876,560,6,12,889,777,234,975,978 
153,845,774,200,465,191,814,423,524,524 
437,954,348,912,476,255,121,596,539,388 
592,736,100,197,680,236,121,220,999,151 
593,747,635,515,229,616,445,243,889,454 
936,89,318,372,472,512,589,708,349,123 
134,490,318,929,142,566,218,958,351,385 
137,287,521,440,778,817,342,640,606,206 
236,206,41,813,267,425,137,157,430,855 
926,134,758,761,274,67,490,475,290,368 
99,764,106,941,20,630,679,372,903,803 
870,269,889,76,98,258,984,567,891,697 
603,997,353,935,855,948,855,395,731,240 
93,974,329,425,398,725,373,889,265,968 
169,788,650,379,343,660,632,206,240,889 
706,10,25,777,194,59,765,377,411,493 
197,328,959,580,205,932,649,372,976,396 
578,177,387,889,951,804,439,162,231,571 
432,499,561,860,650,856,908,230,588,547 
673,291,453,520,635,550,370,570,415,173 
513,180,830,475,104,846,951,421,727,289 
241,942,156,985,207,898,837,758,924,323 
767,383,821,156,277,188,870,879,221,381 
540,453,309,221,378,210,235,261,175,793 
65,254,981,468,575,255,901,832,155,639 
493,920,147,559,283,1,451,111,923,957 
642,387,324,79,711,202,673,721,753,643 
620,93,396,445,781,823,983,169,96,787 
786,526,324,736,100,481,279,704,571,582 
439,19,29,23,875,711,539,184,792,14 
822,189,280,868,225,721,365,788,446,604 
636,438,308,647,868,702,958,391,453,804 
887,228,245,348,74,645,725,682,142,442 
179,932,982,558,937,355,54,567,250,942 
833,899,765,85,776,360,978,168,333,23 
545,186,69,70,162,877,836,962,815,555 
587,358,21,718,60,970,873,61,390,274 
640,563,92,681,247,741,591,331,865,672 
796,252,799,589,928,168,625,771,336,584 
259,839,334,230,139,713,317,349,726,766 
589,983,178,470,498,892,422,282,319,213 
670,564,576,10,171,690,477,982,487,816 
266,693,966,913,875,382,968,210,613,859 
155,907,992,402,605,946,160,424,302,486 
483,681,148,542,77,134,753,236,951,379 
927,449,38,340,204,813,967,715,888,739 
272,305,291,983,530,975,620,93,195,903 
252,792,759,796,376,971,63,2,517,767 
106,116,134,234,655,752,850,120,533,25 
1,689,913,977,716,391,983,305,948,473 
804,262,130,521,216,898,238,783,369,708 
571,616,242,148,152,975,290,280,346,277 
289,532,708,648,630,609,913,110,707,397 
368,324,330,634,5,183,777,470,209,430 
224,943,624,898,796,768,144,691,20,93 
401,793,320,879,640,316,369,772,493,872 
659,614,725,112,551,438,162,301,902,373 
925,908,96,431,126,450,842,92,826,764 
910,716,284,279,445,119,78,200,887,142 
310,778,242,921,478,770,17,94,211,256 
676,211,287,180,853,952,106,387,451,852 
667,701,287,722,909,427,356,503,29,586 
147,451,631,447,748,210,528,406,626,574 
190,307,221,419,291,196,395,910,145,313 
72,131,959,73,273,657,177,714,953,740 
903,173,771,600,612,27,326,540,710,968 
718,42,477,35,823,378,508,23,357,974 
445,113,783,389,545,317,921,383,453,208 
521,298,320,156,857,623,369,868,947,948 
789,700,699,815,293,611,318,187,943,800 
824,186,475,134,731,448,774,222,43,639 
939,175,327,340,349,813,802,654,401,211 
31,222,416,830,291,167,763,23,4,44 
887,348,632,336,816,789,264,222,273,406 
387,77,905,725,359,712,505,338,970,496 
674,558,590,6,476,697,739,168,810,60 
311,815,97,648,457,683,446,433,619,180 
79,898,333,118,393,190,77,439,489,728 
933,841,399,344,973,647,213,947,343,5 
381,669,442,400,856,30,958,279,555,238 
398,973,699,110,708,28,897,669,654,344 
329,563,806,397,660,822,71,245,222,270 
179,226,730,487,74,516,49,19,764,960 
9,825,504,366,122,502,181,421,700,598 
637,461,964,407,42,712,93,835,592,38 
99,216,266,939,35,853,977,207,783,219 
991,395,350,237,906,227,871,294,292,268 
645,662,455,34,646,888,541,502,686,331 
925,276,193,547,50,277,958,715,509,21 
431,626,475,674,628,143,818,759,247,570 
428,853,282,24,414,805,908,338,699,140 
595,67,641,259,900,612,309,354,886,118 
210,673,36,875,428,275,993,210,763,319 
909,133,19,724,150,424,528,680,162,985 
775,125,952,454,424,993,991,79,512,904 
534,481,266,320,563,956,749,377,543,466 
745,247,814,997,611,285,484,667,776,296 
627,0,422,589,986,897,342,696,559,48 
486,50,876,689,203,77,439,576,579,720 
748,892,208,746,974,28,1,740,138,845 
971,256,964,933,252,968,483,975,896,164 
103,571,868,220,955,673,728,686,421,994 
98,892,483,124,149,133,32,584,473,734 
675,953,932,133,752,458,733,354,512,764 
353,411,348,620,535,626,271,934,102,828 
753,624,862,969,871,612,19,76,960,483 
382,638,387,667,615,459,676,221,661,240 
837,245,381,798,977,815,681,344,924,778 
607,950,518,684,90,884,454,490,839,146 
811,490,686,424,318,495,440,165,147,936 
183,308,646,14,41,740,155,175,534,371 
454,740,65,966,8,387,492,791,155,426 
635,180,53,729,979,352,544,626,275,848 
986,824,176,788,920,25,535,255,189,946 
548,813,609,301,223,641,452,361,94,872 
282,111,557,189,961,252,778,186,13,984 
269,720,836,121,876,555,461,532,678,852 
404,962,797,468,992,563,6,634,110,770 
149,778,622,813,257,675,835,191,254,226 
625,315,394,312,158,623,31,685,866,163 
463,31,803,853,694,123,105,978,697,438 
617,858,508,161,221,81,889,415,272,62 
29,405,280,210,132,293,732,30,733,110 
564,193,544,347,815,909,963,62,559,37 
700,817,754,245,257,257,954,398,499,976 
372,876,785,421,70,254,937,794,441,658 
993,778,733,610,683,453,12,255,927,777 
574,368,219,487,812,407,334,87,729,344 
962,968,242,311,631,888,183,477,12,557 
33,431,128,326,651,315,943,696,613,335 
64,993,875,24,347,227,740,388,8,173 
302,468,962,268,495,18,411,289,895,875 
329,528,457,184,406,620,504,223,901,642 
966,993,808,248,584,656,423,377,829,511 
875,473,493,846,232,528,278,288,408,932 
994,218,381,927,597,475,686,98,506,43 
427,669,52,577,92,332,802,812,155,623 
476,326,226,822,834,168,119,271,60,46 
468,846,332,361,530,231,328,530,438,675 
603,65,796,973,243,579,672,496,661,657 
715,583,300,435,538,0,25,704,419,62 
301,304,97,129,881,113,495,748,694,355 
392,523,489,224,396,943,102,762,887,592 
413,107,836,582,170,267,623,499,190,250 
296,200,59,947,580,731,621,864,733,930 
404,440,57,534,78,570,912,863,554,660 
975,512,166,796,585,559,49,194,605,484 
925,193,3,714,13,921,888,847,101,938 
546,628,910,518,557,113,712,259,443,713 
498,963,290,844,317,171,255,175,694,717 
968,117,35,977,743,360,645,815,251,800 
955,522,969,271,399,865,695,246,290,367 
569,464,34,45,901,17,20,641,56,818 
469,870,611,772,298,327,41,678,791,136 
647,269,860,508,22,502,76,629,109,739 
887,211,774,64,248,852,91,642,136,812 
450,267,713,473,36,28,95,814,195,407 
824,330,889,263,797,436,277,870,648,966 
697,299,325,387,39,271,77,45,474,714 
454,999,464,447,638,476,941,904,190,187 
595,847,780,848,165,995,688,704,91,147 
400,720,736,674,847,481,87,871,568,564 
68,423,16,999,111,130,17,378,546,407 
243,505,708,988,366,197,223,150,762,281 
195,49,527,430,621,292,401,396,634,645 
202,973,990,573,507,743,90,303,990,399 
329,74,427,572,859,632,490,863,906,850 
824,589,434,715,170,438,646,654,158,389 
813,236,858,292,108,558,388,316,829,859 
832,782,884,310,952,177,698,480,149,736 
147,517,60,343,802,406,76,410,757,578 
452,626,243,889,602,957,657,255,605,913 
868,114,492,437,40,664,575,739,575,671 
187,182,198,474,708,852,97,717,298,152 
591,798,710,671,168,912,54,620,418,517 
188,402,339,407,973,526,969,587,605,951 
654,634,63,499,23,205,842,415,219,789 
296,314,248,165,528,903,296,596,947,669 
204,227,931,420,735,199,488,470,435,443 
772,344,281,581,310,188,985,899,492,860 
914,146,721,429,43,147,318,294,816,922 
245,939,424,556,800,234,603,581,976,825 
393,348,426,274,702,11,827,741,938,750 
468,960,940,231,593,157,838,884,36,624 
243,958,111,260,341,303,830,89,812,583 
818,867,25,962,289,354,552,737,275,754 
308,204,168,927,772,225,5,726,803,52 
726,74,557,803,789,666,854,901,800,556 
277,606,433,832,173,57,319,651,388,691 
953,807,587,432,91,715,510,852,609,236 
119,768,664,832,579,230,388,266,790,635 
4,423,442,1,314,436,922,686,294,114 
68,252,130,607,525,382,792,130,559,59 
520,339,646,298,390,317,112,755,408,425 
162,62,77,55,855,242,296,643,59,884 
564,394,174,177,210,128,309,954,37,552 
274,564,191,655,395,688,564,717,496,221 
396,73,382,440,390,471,328,894,912,657 
958,918,3,24,685,286,883,965,214,168 
141,112,611,856,273,507,403,613,654,605 
871,1,829,735,741,439,101,492,786,761 
389,625,765,314,241,343,694,46,348,433 
485,908,868,494,631,558,634,229,570,613 
40,400,794,579,878,935,557,806,941,473 
160,126,620,49,421,644,801,891,84,382 
279,313,381,675,813,127,536,752,312,951 
844,908,7,618,972,822,404,132,224,113 
410,699,327,706,833,67,745,926,46,736 
75,266,40,626,108,856,342,702,204,426 
836,375,725,775,501,672,1,807,722,916 
531,893,912,252,977,504,343,693,239,741 
566,380,903,125,892,926,372,991,658,200 
727,618,629,799,816,24,135,101,870,682 
525,386,753,84,867,715,532,45,434,273 
657,174,188,296,661,20,135,114,954,36 
893,368,683,474,117,244,178,989,785,302 
109,26,592,905,728,860,822,929,508,733 
488,308,596,596,436,538,920,891,548,522 
666,155,459,466,358,838,736,890,711,793 
656,798,829,196,824,567,226,424,967,836 
643,587,586,682,964,43,786,437,516,557 
472,162,376,736,824,875,459,475,491,845 
355,704,534,250,223,516,416,206,364,59 
921,896,415,405,614,7,645,135,194,422 
62,975,182,902,311,528,72,502,191,221 
801,289,137,606,696,5,729,325,5,315 
738,748,464,464,491,828,184,143,162,364 
183,824,728,188,906,153,245,237,255,816 
588,296,263,242,503,551,931,795,413,596 
547,82,816,676,728,704,867,719,107,902 
184,966,151,448,56,522,82,137,788,125 
697,28,632,431,345,60,799,600,41,569 
82,516,572,327,945,488,606,973,116,80 
996,855,619,882,581,945,978,962,951,8 
328,187,442,86,311,639,586,258,438,164 
768,226,897,347,831,694,322,93,860,514 
553,764,406,272,311,947,829,191,216,883 
224,268,727,683,894,579,419,76,550,602 
343,158,650,26,256,538,246,795,631,894 
639,443,54,198,406,931,623,749,115,7 
664,783,383,271,3,130,657,262,186,433 
466,390,608,548,901,254,418,424,782,186 
476,414,803,397,720,947,799,54,273,788 
195,860,21,667,744,782,489,58,216,924 
743,75,434,548,771,513,923,722,667,927 
698,719,300,235,764,4,369,887,14,995 
47,820,369,930,764,259,648,166,805,57 
573,928,439,701,505,502,437,434,138,64 
248,788,230,21,453,249,974,778,776,157 
239,887,182,393,986,678,728,274,746,137 
467,465,509,558,572,461,388,33,458,73 
397,119,292,754,256,170,273,762,574,438 
62,194,796,974,217,920,984,716,373,756 
243,396,319,464,668,283,564,884,430,505 
269,820,575,256,339,751,377,840,733,515 
206,153,448,74,196,372,454,51,416,478 
15,415,599,354,484,761,319,762,899,329 
467,362,740,309,182,449,921,252,759,837 
396,897,475,297,91,752,233,933,703,368 
878,315,683,613,465,321,551,321,904,536 
499,478,305,120,409,90,605,181,555,640 
862,211,748,943,682,297,859,449,359,589 
641,594,862,908,532,123,621,372,572,746 
364,456,474,760,762,103,57,742,79,497 
444,405,441,351,615,313,197,686,498,41 
51,632,176,365,501,175,110,772,496,454 
702,650,784,743,107,530,946,546,959,150 
482,896,296,504,693,773,426,755,305,331 
206,243,665,289,399,118,213,848,13,261 
742,813,251,83,878,431,403,649,206,983 
713,468,657,719,92,340,310,769,561,305 
203,253,658,452,716,182,852,343,523,585 
742,170,634,939,309,83,204,263,228,105 
897,344,505,709,456,25,611,6,439,407 
127,456,757,287,370,80,761,833,201,206 
428,201,300,191,880,270,17,965,36,792 
828,102,776,403,900,614,779,907,433,154 
796,962,298,690,317,445,171,434,51,488 
939,525,802,41,995,143,310,280,538,805 
860,944,174,307,22,522,126,138,158,999 
586,67,34,312,900,117,685,292,424,559 
31,909,661,530,546,23,688,862,317,734 
966,320,990,955,519,29,480,506,226,933 
157,836,203,830,20,36,34,4,555,679 
293,322,16,725,605,160,713,119,478,338 
732,404,159,688,456,292,66,919,66,647 
550,683,612,987,991,823,855,833,591,451 
994,131,350,241,67,996,245,956,833,196 
657,957,900,462,346,891,69,615,27,830 
671,629,972,896,167,346,66,481,615,484 
745,630,37,419,112,366,635,198,138,848 
584,666,581,651,788,400,11,116,936,121 
502,198,11,520,697,145,394,605,193,737 
887,178,338,330,450,195,734,373,517,855 
656,962,424,133,567,154,998,341,302,975 
575,573,688,466,620,788,736,409,113,223 
623,499,460,789,7,361,884,816,284,435 
60,459,259,948,151,850,114,964,510,867 
854,776,573,664,316,391,59,941,191,923 
520,780,216,442,25,122,796,921,502,813 
711,812,197,221,718,868,368,173,42,501 
825,61,712,27,629,172,718,849,950,895 
872,725,867,688,400,619,682,101,500,517 
6,319,202,468,324,227,286,845,166,473 
363,195,98,126,904,884,669,992,474,59 
329,965,952,810,134,177,948,82,885,34 
157,441,767,785,129,518,3,64,351,83 
967,810,602,696,166,467,354,816,976,6 
333,258,983,237,659,583,421,928,575,490 
867,309,313,569,181,896,144,647,521,391 
37,11,734,245,18,272,617,393,562,338 
234,594,658,362,901,257,125,566,165,699 
965,864,355,921,501,705,316,182,564,946 
552,509,811,263,646,317,224,89,990,802 
267,318,111,176,669,798,102,110,505,461 
592,645,899,376,286,548,269,142,663,298 
976,132,149,751,166,557,37,222,294,308 
193,163,530,408,395,85,987,555,991,408 
732,998,539,627,507,989,395,577,988,818 
228,357,120,185,619,927,307,568,654,101 
34,792,287,936,91,284,561,829,431,285 
275,68,354,71,450,408,948,492,932,443 
463,107,86,869,176,365,646,490,131,475 
557,614,32,447,132,157,906,830,303,146 
69,215,575,412,247,139,314,0,239,673 
765,39,850,492,929,622,269,651,843,620 
653,813,270,443,514,750,107,838,554,963 
136,883,633,638,135,836,710,502,205,792 
762,831,811,850,305,761,897,451,898,207 
726,800,819,255,213,34,350,809,345,990 
528,565,376,113,960,94,982,618,661,669 
121,284,399,195,537,30,832,558,394,80 
716,215,754,140,67,494,222,143,903,131 
33,819,336,898,732,442,373,834,432,689 
222,234,696,142,269,376,916,160,338,448 
136,434,637,189,332,475,983,55,812,141 
569,513,936,535,246,525,670,498,981,223 
98,685,934,211,119,869,277,211,520,532 
820,873,368,724,115,318,55,808,699,357 
125,320,281,166,633,288,438,770,755,3 
506,880,944,481,768,699,915,242,917,104 
696,574,402,503,292,955,113,469,440,57 
637,147,77,61,690,912,513,416,795,990 
703,588,202,355,85,890,890,526,863,267 
0,515,720,697,224,893,801,257,820,623 
954,848,495,407,374,239,208,368,115,468 
162,667,462,686,480,889,45,901,334,880 
622,603,810,727,86,635,226,111,363,885 
359,848,602,259,78,861,445,499,839,621 
892,600,183,623,252,311,440,73,701,76 
785,445,126,87,72,225,59,607,907,513 
78,904,70,659,36,84,718,903,694,284 
868,601,247,681,606,860,446,27,247,525 
793,36,919,345,985,258,461,404,621,920 
576,775,431,681,421,909,515,344,699,546 
93,750,226,281,881,368,986,416,998,845 
920,874,308,377,139,129,653,105,341,77 
656,700,149,654,152,409,209,242,875,843 
816,483,622,662,886,712,302,476,224,494 
609,569,567,659,83,743,530,24,77,575 
156,776,535,453,213,185,950,606,445,317 
385,553,234,53,749,871,410,523,569,376 
76,363,900,60,385,46,553,42,17,474 
108,360,823,737,15,64,758,443,182,427 
53,291,569,590,533,388,887,557,700,134 
334,152,146,833,721,945,745,940,795,334 
921,3,632,577,945,795,691,921,866,674 
498,109,733,320,86,125,757,164,998,221 
135,149,522,447,38,446,965,308,643,628 
660,991,737,951,700,53,30,610,544,228 
558,569,87,887,986,487,580,300,302,121 
647,195,208,395,657,707,507,884,565,882 
459,920,777,232,404,594,428,529,419,284 
913,453,470,565,834,222,7,221,288,902 
691,952,622,570,369,268,14,518,606,673 
747,990,150,709,238,399,389,841,844,224 
619,283,99,440,269,232,125,21,96,262 
798,862,65,787,112,278,904,190,350,533 
643,768,725,165,623,446,630,782,225,198 
919,782,466,892,394,529,561,392,230,760 
642,821,737,57,684,280,215,940,369,659 
636,957,22,597,693,218,730,616,981,546 
956,135,75,768,708,266,145,931,524,432 
967,844,800,463,206,684,960,522,897,935 
406,368,205,552,603,109,505,169,796,431 
344,320,41,895,979,889,694,826,548,820 
691,827,302,436,510,303,24,937,448,93 
216,59,189,376,644,571,645,282,411,799 
631,391,474,114,358,762,243,534,187,496 
120,263,273,335,638,957,208,339,356,565 
961,117,818,165,121,528,62,610,513,986 
537,888,809,899,24,917,173,189,471,922 
7,335,193,871,348,976,866,754,283,149 
221,668,456,743,641,976,223,340,214,513 
427,128,254,190,830,743,310,261,403,906 
75,625,967,612,962,817,222,448,232,255 
762,673,384,834,982,925,483,73,185,479 
817,667,862,152,285,104,360,985,703,925 
307,663,163,56,38,619,279,929,140,229 
947,537,97,308,240,466,306,341,890,275 
941,718,202,758,704,830,996,599,205,115 
8,451,355,295,364,619,112,335,462,27 
170,801,974,260,237,890,490,690,46,250 
148,786,718,69,158,852,395,454,774,425 
753,569,532,194,229,661,368,124,417,781 
248,339,595,682,455,890,145,535,586,669 
191,80,707,331,201,391,577,483,844,324 
655,705,558,401,720,245,710,568,356,689 
862,161,259,341,917,3,705,241,201,718 
131,870,969,131,541,161,881,57,229,525 
623,877,858,100,130,933,423,138,642,65 
844,374,274,510,531,549,226,464,320,773 
401,324,593,323,848,943,461,593,514,159 
1,128,919,220,693,293,832,889,974,763 
532,277,708,358,697,321,267,567,79,142 
224,433,790,116,137,758,600,913,543,582 
304,180,543,918,842,197,539,817,932,379 
360,133,778,497,449,381,272,374,136,86 
96,735,396,913,43,587,655,988,492,555 
278,13,176,973,444,484,418,620,848,555 
195,53,442,949,870,375,53,88,129,600 
598,664,464,65,842,681,988,821,566,929 
729,203,480,433,29,493,227,910,60,85 
56,991,600,11,327,61,693,221,621,450 
451,508,383,279,356,782,773,23,406,958 
578,857,539,532,152,854,67,82,640,48 
147,380,31,138,735,827,676,98,451,150 
829,855,239,469,106,673,768,220,905,428 
987,689,104,848,805,506,986,833,999,910 
0,549,301,350,377,503,668,831,36,520 
403,879,210,52,331,441,145,168,752,143 
802,534,226,931,748,674,181,634,954,597 
251,29,767,523,124,405,570,979,364,467 
292,354,627,482,622,277,345,82,200,681 
480,945,628,592,292,119,689,419,317,526 
876,174,229,772,712,5,61,215,358,697 
890,36,384,254,709,204,79,884,520,12 
460,400,219,631,227,823,15,866,900,87 
762,996,604,625,305,623,136,702,596,23 
881,525,98,894,123,175,709,658,223,351 
425,524,505,761,46,182,980,318,790,224 
792,561,384,454,366,33,833,866,26,964 
268,625,871,996,801,949,649,840,689,943 
812,946,458,614,474,800,917,288,393,994 
237,84,162,687,994,922,670,251,387,520 
747,849,163,274,348,985,786,244,391,831 
220,751,792,64,494,46,491,929,252,651 
991,93,496,131,509,699,966,211,184,642 
658,462,838,298,27,460,381,489,665,784 
129,286,873,446,89,125,793,399,649,312 
767,826,954,222,508,97,302,538,454,125 
712,931,691,959,48,291,569,349,60,839 
98,277,338,402,453,312,689,950,312,134 
376,552,857,42,334,263,100,569,673,752 
982,613,314,513,81,504,549,400,160,959 
598,551,34,102,863,191,147,946,326,990 
190,526,235,335,839,157,152,900,540,640 
297,394,916,397,2,760,800,117,368,741 
998,648,159,558,548,808,107,217,313,166 
219,578,831,860,815,79,909,0,290,377 
769,754,818,746,587,915,932,789,932,538 
837,670,909,467,884,719,644,110,91,172 
49,498,115,253,751,308,823,437,719,256 
697,267,870,914,49,692,142,378,692,867 
554,482,201,415,450,805,519,887,951,829 
602,908,944,41,580,587,131,193,88,326 
856,504,850,830,983,741,66,382,218,30 
271,47,61,658,816,620,465,328,429,785 
616,937,101,957,610,967,41,145,838,929 
469,924,237,276,927,380,625,255,784,363 
923,347,415,436,585,973,469,64,397,618 
267,442,915,582,959,27,443,184,86,642 
44,757,563,28,922,24,973,731,814,139 
319,479,348,781,729,174,674,320,684,241 
492,453,779,788,468,55,917,873,766,792 
54,243,666,764,429,18,139,584,809,863 
132,438,292,533,394,577,274,570,5,791 
922,329,448,143,467,814,536,144,170,685 
313,708,47,999,507,672,0,10,860,369 
997,19,231,100,915,659,10,1,676,291 
949,765,59,341,78,451,133,345,794,375 
971,769,326,263,60,778,411,334,568,255 
752,589,975,459,865,528,503,563,613,891 
564,198,526,711,578,298,770,509,935,52 
598,926,620,938,353,492,705,337,470,601 
952,151,740,26,881,508,200,983,701,18 
770,610,215,398,677,57,692,922,839,258 
563,760,208,906,208,789,960,993,354,935 
113,574,804,196,180,715,905,201,111,117 
904,636,396,786,999,295,509,462,356,34 
930,532,799,179,557,542,51,196,589,58 
699,393,671,249,833,732,884,532,385,879 
523,637,213,589,678,183,274,638,754,867 
31,446,640,201,325,232,736,23,690,300 
590,433,904,634,124,541,107,697,983,401 
375,785,150,236,527,857,661,277,898,134 
664,252,632,849,202,948,675,852,214,17 
521,241,332,475,821,726,13,639,501,337 
178,991,494,147,110,293,819,180,413,561 
901,308,764,804,820,97,575,401,844,386 
289,543,179,255,606,461,150,410,133,99 
707,982,417,496,522,322,103,421,956,74 
97,846,237,275,337,800,999,473,817,260 
163,815,111,950,484,409,695,882,903,121 
920,140,146,261,480,506,118,530,643,560 
831,367,519,944,768,0,475,724,723,116 
222,9,366,118,283,874,562,997,434,422 
812,208,674,983,622,850,475,840,520,837 
632,210,432,446,89,699,313,581,510,507 
399,440,856,148,848,619,498,134,686,734 
660,213,858,530,896,920,754,593,757,990 
939,89,321,142,770,861,916,915,643,81 
7,66,213,583,35,490,69,131,943,967 
254,39,169,603,275,604,445,538,395,926 
299,480,715,490,859,673,385,150,147,300 
20,797,137,605,417,678,917,790,561,609 
846,545,14,349,532,428,332,648,941,738 
764,852,721,714,691,779,344,118,298,623 
956,123,71,367,561,807,904,986,776,980 
424,369,979,183,105,45,371,981,49,661 
637,491,34,633,755,969,825,656,998,978 
425,66,369,698,344,387,505,501,70,597 
945,440,613,816,227,838,916,465,184,889 
574,36,991,635,112,135,92,943,832,853 
600,81,665,996,631,775,722,132,943,915 
974,420,492,686,590,82,832,530,27,486 
232,988,504,332,666,868,395,28,370,274 
308,864,747,919,582,953,338,341,755,230 
799,108,85,619,317,226,238,770,121,518 
24,240,975,50,617,870,863,842,311,42 
351,661,297,498,210,591,518,165,878,792 
550,190,883,829,430,981,63,537,609,668 
471,351,426,747,432,23,95,840,740,290 
127,838,375,788,627,809,337,590,882,76 
758,524,231,287,641,9,869,856,487,613 
587,564,320,257,803,283,824,607,964,181 
219,296,959,237,584,675,990,656,36,839 
760,298,423,182,610,493,380,38,888,607 
657,348,912,327,807,927,199,307,891,399 
917,906,467,368,988,881,124,63,198,764 
560,983,412,146,885,976,475,229,16,262 
152,581,17,17,701,145,688,478,699,649 
605,721,303,138,581,837,169,847,9,578 
423,888,168,874,249,530,620,312,390,339 
842,29,132,472,451,944,396,677,376,801 
99,375,802,379,60,954,783,876,620,571 
657,346,782,65,592,603,716,68,984,241 
759,817,213,440,941,258,634,38,34,607 
113,614,562,275,149,40,962,109,524,728 
734,664,752,618,677,26,492,143,881,398 
652,167,810,486,965,155,954,712,259,853 
347,923,522,615,901,839,796,244,91,159 
496,911,981,164,588,198,953,47,489,530 
42,818,877,30,731,115,750,266,229,838 
730,11,603,894,388,864,319,40,705,691 
797,173,864,386,429,906,735,890,862,853 
706,599,646,829,359,738,782,134,637,352 
594,704,139,602,806,12,253,678,540,723 
560,210,179,890,391,600,649,93,262,146 
672,359,540,915,207,603,638,784,967,43 
149,418,774,82,361,8,281,336,872,869 
513,674,119,539,584,250,329,835,710,938 
685,979,556,881,121,10,601,752,861,811 
570,628,403,419,756,608,138,944,558,566 
953,857,866,370,128,964,402,762,186,136 
431,438,408,424,468,72,231,111,17,272 
257,902,308,599,793,800,745,622,512,567 
762,811,68,997,218,454,936,296,268,846 
623,202,193,275,898,324,197,616,89,183 
507,431,502,527,287,904,781,381,521,416 
16,567,722,266,710,614,838,780,371,411 
458,129,579,902,191,326,56,557,52,467 
540,398,370,353,512,722,992,818,114,365 
623,105,565,214,504,111,650,543,746,887 
181,249,991,943,810,648,470,67,318,38 
939,448,987,919,266,81,763,353,75,369 
613,885,944,375,932,198,570,911,557,253 
216,154,409,439,33,844,321,740,881,990 
488,172,216,24,258,639,736,877,866,977 
765,994,984,313,903,436,802,965,50,637 
209,548,679,523,445,959,355,37,19,389 
117,627,882,505,221,745,517,650,280,975 
322,703,80,120,553,629,976,213,937,494 
534,326,620,663,177,756,227,727,689,878 
28,543,245,638,327,163,512,326,160,427 
493,5,695,310,130,520,724,388,641,39 
341,85,144,877,162,60,58,811,495,106 
735,746,648,448,38,746,124,964,795,276 
816,159,524,809,741,546,805,53,595,746 
355,684,476,671,14,895,837,620,527,394 
367,396,817,365,548,354,676,981,141,322 
492,230,920,322,232,560,479,87,390,940 
372,549,981,737,464,54,994,38,971,830 
292,798,485,657,11,364,139,266,186,41 
590,232,477,769,989,863,670,406,754,153 
554,255,682,7,344,722,414,160,42,993 
983,652,908,51,22,397,993,282,185,187 
148,692,234,931,508,0,338,467,209,647 
146,900,27,957,466,500,59,378,730,560 
801,890,581,515,923,805,438,949,359,59 
355,810,247,800,262,517,996,568,979,297 
694,319,427,469,375,239,350,322,447,407 
72,770,730,701,858,926,366,840,793,171 
649,732,596,187,495,642,662,316,776,187 
428,655,592,250,145,806,857,371,484,131 
819,892,123,826,491,326,817,378,497,303 
875,973,859,496,344,713,783,150,614,666 
214,552,577,166,172,467,975,93,268,509 
39,819,273,892,8,164,55,2,790,939 
791,864,63,622,417,444,835,337,164,944 
498,213,241,352,535,357,974,24,850,997 
990,96,156,920,797,845,51,188,833,980 
230,724,21,358,882,282,703,907,378,670 
977,84,453,456,565,137,585,470,657,396 
742,178,954,672,686,532,772,649,944,551 
775,785,755,170,310,940,176,357,273,177 
432,142,427,14,76,207,278,823,596,486 
793,426,575,273,467,138,729,499,650,565 
259,304,644,668,379,481,951,384,564,804 
92,483,945,291,469,42,443,607,335,557 
530,912,851,551,200,828,607,129,617,291 
986,926,367,283,100,50,946,708,603,636 
340,673,298,749,610,161,852,435,382,858 
382,423,369,138,787,975,799,73,985,329 
803,942,112,582,353,492,667,878,914,696 
719,117,586,922,152,89,669,374,819,871 
480,654,686,442,709,613,164,367,342,875 
805,655,82,888,49,706,925,127,669,844 
713,673,774,575,683,674,403,317,185,812 
447,848,175,373,939,873,176,120,122,913 
538,238,758,782,722,438,465,917,190,768 
422,225,266,410,5,142,442,469,125,717 
367,231,811,940,389,85,57,224,488,341 
59,898,318,102,26,379,744,852,819,989 
914,284,562,0,370,608,431,542,925,191 
507,180,909,132,548,989,143,561,492,988 
360,985,24,581,976,863,132,497,230,470 
908,653,635,717,93,230,259,918,385,91 
886,572,642,670,550,847,558,808,120,94 
304,544,4,695,727,248,898,549,184,21 
258,23,999,745,438,833,995,838,308,898 
791,664,610,617,852,584,302,356,492,49 
558,622,985,849,905,380,548,670,489,829 
506,698,96,660,201,452,415,51,608,300 
334,766,484,643,317,824,847,605,601,318 
162,868,627,831,99,234,402,572,970,330 
280,210,302,508,834,616,941,900,833,631 
448,21,918,222,636,991,659,703,349,345 
60,258,733,301,956,683,915,936,907,498 
566,362,805,184,472,856,534,361,568,187 
2,898,463,924,569,239,332,847,87,361 
852,833,866,187,353,600,884,688,723,438 
761,3,44,0,490,803,756,41,336,920 
709,414,892,878,1,550,186,797,136,552 
366,570,606,489,415,790,289,520,265,305 
632,360,479,307,14,50,964,551,270,907 
362,740,161,753,700,1,459,830,494,892 
459,703,660,207,273,540,536,119,378,979 
941,27,46,883,697,373,659,458,847,704 
538,123,370,423,887,616,518,541,879,440 
895,711,386,118,189,978,567,390,480,314 
975,843,13,600,81,234,395,879,165,365 
487,635,452,101,595,542,84,167,645,664 
754,57,931,155,128,250,445,417,566,611 
619,594,756,910,413,629,206,65,874,618 
64,855,647,194,729,212,753,148,524,930 
70,101,608,76,582,635,402,615,863,862 
657,592,909,460,431,14,929,263,927,429 
64,685,345,476,621,99,403,332,425,998 
442,445,773,889,190,590,578,276,435,385 
536,303,91,625,707,219,1,160,708,313 
945,402,132,913,516,168,811,505,767,865 
998,608,522,147,550,94,446,178,621,338 
432,227,12,79,946,424,592,76,889,657 
267,111,409,658,111,509,980,422,333,8 
937,280,996,358,129,634,237,194,758,253 
138,633,132,363,263,163,273,556,713,547 
897,211,754,149,281,588,359,755,829,628 
33,5,214,517,79,851,59,277,117,735 
656,978,766,572,828,588,500,821,68,934 
728,27,205,514,997,695,407,169,463,920 
188,52,625,770,944,811,852,380,411,519 
603,467,746,221,611,672,307,145,456,858 
727,236,867,154,690,772,288,602,909,575 
963,824,733,124,202,309,196,262,158,348 
686,637,747,641,462,659,591,760,182,696 
807,479,910,738,693,905,619,140,302,904 
9,650,760,598,3,886,808,104,807,930 
889,40,535,475,857,725,90,39,605,753 
921,835,525,783,60,298,579,743,549,814 
164,279,693,756,513,591,891,456,135,993 
883,396,874,220,387,294,280,164,856,357 
322,303,23,231,910,886,463,187,295,358 
612,549,886,162,455,748,674,335,736,708 
290,811,926,720,980,795,485,296,254,376 
990,250,561,29,660,384,253,672,122,750 
903,642,283,199,64,485,361,763,271,249 
431,559,519,939,866,921,539,186,802,213 
845,807,262,481,694,200,829,58,831,113 
177,225,110,625,726,550,245,204,881,95 
677,298,131,125,272,971,261,875,803,757 
69,275,202,564,86,407,125,292,358,209 
640,630,624,336,633,381,266,183,386,204 
354,532,127,901,89,938,361,104,457,67 
961,79,107,933,192,923,689,535,955,180 
850,361,644,369,92,790,323,394,955,871 
908,695,439,412,705,392,148,577,464,183 
676,348,184,541,199,511,405,552,306,62 
611,790,725,830,878,120,863,807,944,118 
988,640,428,883,750,222,304,669,377,416 
519,811,896,978,348,915,766,484,539,303 
455,151,17,443,533,563,252,438,662,248 
124,811,794,551,585,587,866,947,343,400 
644,74,612,832,715,714,210,324,859,810 
807,540,459,246,841,546,131,958,424,223 
869,588,548,989,856,672,749,75,591,457 
706,942,384,690,969,578,120,599,828,877 
827,291,21,812,466,960,112,261,390,49 
863,751,16,215,731,154,803,358,421,503 
425,108,549,227,33,318,626,318,66,454 
40,346,746,812,856,282,960,808,377,704 
271,498,388,451,659,686,277,364,806,959 
877,859,35,71,157,779,172,256,509,638 
143,586,418,214,315,977,173,690,872,634 
176,657,437,259,893,541,67,116,719,671 
726,654,377,332,651,134,541,809,685,677 
988,32,162,383,92,606,227,135,89,368 
896,251,2,322,769,977,844,771,506,774 
708,64,102,662,797,660,804,574,977,977 
519,489,156,950,359,778,308,805,589,919 
101,360,819,935,386,423,530,472,374,552 
477,287,808,139,579,517,60,729,122,146 
581,585,223,136,113,822,818,407,838,545 
341,256,808,318,285,545,364,181,322,20 
686,952,713,276,215,396,304,477,291,734 
753,318,286,187,672,342,79,187,742,824 
476,180,912,693,133,319,578,37,13,680 
797,841,570,551,952,952,966,574,354,659 
174,535,21,343,335,532,982,31,521,146 
361,180,404,394,50,842,791,749,662,599 
935,820,176,491,60,818,7,679,128,598 
597,771,736,512,10,144,109,271,615,7 
108,221,974,532,681,144,638,154,923,766 
413,588,488,12,686,998,969,627,787,854 
777,800,876,914,879,510,788,230,538,105 
548,642,972,946,745,686,847,610,705,155 
605,933,403,440,532,109,340,253,157,304 
902,392,253,343,339,817,381,675,559,124 
260,534,60,435,797,691,470,21,307,852 
62,599,176,558,709,974,973,555,870,854 
76,931,222,57,369,392,679,263,767,869 
807,935,175,505,328,288,274,390,849,78 
984,585,10,500,321,438,901,618,153,809 
999,139,57,2,557,230,616,662,164,991 
721,615,905,274,869,264,183,771,625,558 
30,196,890,790,264,76,277,775,192,840 
707,716,876,89,169,689,577,755,606,182 
693,325,990,437,527,369,620,796,971,745 
540,576,417,668,781,846,837,516,70,623 
706,501,216,735,544,421,408,338,204,450 
696,28,646,348,731,275,534,529,439,132 
384,398,952,550,991,777,318,262,549,368 
832,792,535,541,458,864,519,777,978,410 
428,593,841,620,293,442,820,877,786,613 
402,234,707,335,408,733,538,703,720,114 
899,92,681,640,236,459,623,672,463,122 
91,878,652,412,693,697,987,833,237,200 
704,929,546,506,607,902,570,650,103,539 
56,782,163,188,187,674,923,779,178,446 
601,396,558,249,159,198,928,744,807,991 
602,558,946,602,762,674,1,47,536,56 
754,184,8,509,794,540,251,219,625,490 
880,364,196,907,664,742,827,731,703,612 
154,86,22,493,781,420,726,788,573,584 
479,147,807,227,54,852,804,279,733,125 
11,931,148,151,513,579,901,572,779,488 
509,74,99,3,23,200,742,745,234,668 
366,460,699,191,315,703,117,542,804,275 
316,430,723,714,930,474,847,455,969,148 
755,584,399,982,35,826,207,99,151,560 
755,544,920,255,855,168,232,672,98,944 
270,82,950,352,966,220,694,682,520,301 
175,787,479,320,199,763,897,999,58,787 
350,970,796,345,833,388,401,187,275,547 
119,446,815,170,701,649,121,292,93,179 
568,47,692,878,274,163,323,358,167,782 
590,826,85,149,193,206,970,329,411,498 
809,123,354,811,387,365,950,196,366,807 
810,617,836,803,916,615,386,221,990,11 
497,730,661,870,306,685,863,89,649,680 
98,51,700,13,807,636,237,464,405,149 
155,736,785,7,799,651,795,596,546,563 
157,981,892,9,908,857,119,764,9,495 
282,974,129,529,929,188,136,821,538,767 
229,465,59,492,215,594,326,660,501,160 
950,616,266,986,676,190,879,713,98,833 
315,540,816,639,38,336,109,924,443,625 
749,534,275,938,985,950,982,421,125,682 
605,719,890,825,539,35,436,476,298,305 
453,557,537,347,352,151,211,716,386,746 
627,261,115,201,795,886,475,274,220,645 
167,121,288,822,514,385,139,767,808,177 
72,422,262,86,672,745,69,994,605,466 
742,881,413,253,503,332,833,824,955,365 
301,318,632,973,714,383,170,181,695,520 
477,727,727,138,856,968,579,346,348,284 
520,244,667,14,115,796,414,923,393,379 
375,290,139,971,421,706,495,248,526,855 
530,146,663,187,801,259,502,485,886,689 
833,201,743,848,887,900,851,775,235,738 
414,374,850,213,100,785,2,652,546,435 
162,30,896,35,993,585,986,611,478,292 
942,531,518,957,816,713,517,927,952,538 
779,108,102,722,392,843,268,36,418,126 
753,606,938,651,29,341,696,157,272,952 
907,286,102,675,434,179,69,323,320,484 
415,272,290,7,706,212,836,136,741,239 
986,934,838,100,947,308,206,716,823,531 
893,725,993,33,10,414,159,929,971,978 
646,439,611,86,211,693,497,697,780,462 
117,871,501,894,45,122,591,101,510,965 
314,415,55,486,187,241,918,216,825,201 
710,98,402,850,736,560,370,411,534,804 
787,275,47,544,24,884,972,330,323,289 
361,308,575,397,159,128,231,481,703,205 
901,9,673,312,175,19,410,73,332,885 
612,936,309,811,575,293,694,826,261,522 
787,556,756,277,0,656,700,229,536,213 
568,352,975,987,113,838,99,358,366,774 
629,511,568,572,750,65,850,27,604,381 
342,940,564,179,506,867,313,214,121,43 
794,642,981,702,154,780,578,66,929,134 
103,323,936,477,678,897,74,569,611,790 
517,233,545,750,208,33,655,619,95,73 
873,604,929,987,819,362,171,232,952,255 
501,615,113,811,242,859,122,156,501,440 
222,481,942,946,450,603,4,338,135,305 
45,974,673,54,217,348,981,937,509,651 
727,305,939,918,129,627,310,125,319,226 
211,521,311,801,531,140,671,127,253,3 
951,544,456,506,909,396,806,410,567,207 
124,177,994,780,127,550,401,31,432,263 
850,61,136,857,899,890,871,347,154,695 
381,408,658,29,939,415,936,803,756,256 
229,359,358,870,983,109,213,123,79,378 
422,836,599,507,296,907,709,543,270,651 
632,53,833,563,612,379,659,42,416,133 
663,267,916,822,860,253,351,686,448,466 
839,521,57,850,314,735,391,683,393,773 
397,839,293,463,486,51,569,200,876,247 
719,704,675,886,719,944,885,636,865,861 
174,679,963,871,960,835,855,509,121,390 
52,407,968,693,133,936,838,49,54,822 
881,994,954,382,388,710,298,273,290,829 
120,469,490,404,753,329,564,565,209,450 
874,983,73,923,474,247,347,164,383,907 
430,601,895,711,189,117,911,742,297,388 
450,646,111,138,609,104,957,59,396,874 
973,752,30,179,396,258,71,971,644,15 
156,268,37,790,577,377,163,552,438,546 
969,629,927,385,395,312,117,76,177,961 
810,111,695,741,98,733,265,979,212,139 
300,533,296,809,976,425,923,798,626,427 
182,879,861,970,701,675,496,580,459,894 
195,678,610,808,235,931,760,873,53,712 
677,716,431,226,609,109,418,85,538,656 
324,659,107,848,417,301,633,728,202,832 
863,881,318,319,25,161,860,576,941,596 
811,342,645,322,417,915,185,613,863,912 
994,461,269,554,778,441,866,754,246,356 
812,378,709,762,942,231,314,494,472,663 
653,466,359,904,281,873,485,739,454,540 
811,363,454,455,955,62,365,823,331,383 
513,699,219,421,993,540,312,731,218,531 
577,917,157,741,638,516,708,197,40,206 
867,182,899,309,203,771,489,154,601,166 
808,630,126,233,403,901,64,604,263,239 
557,243,787,380,735,195,651,595,35,82 
670,752,196,40,578,80,676,421,442,298 
707,488,718,459,840,914,592,166,508,821 
519,126,318,916,28,706,657,904,138,660 
825,131,83,45,172,453,77,745,46,953 
211,898,317,388,503,36,771,305,542,540 
834,451,252,101,730,488,542,193,989,543 
207,817,675,278,130,153,849,426,254,643 
717,763,327,342,517,419,513,187,61,476 
888,19,430,347,859,176,396,245,151,663 
896,140,271,295,476,285,352,401,782,890 
571,603,315,311,860,259,685,19,40,532 
599,373,971,864,965,672,407,115,488,709 
896,431,607,204,293,153,601,206,665,496 
343,105,415,365,543,49,948,27,43,896 
526,508,959,418,971,894,233,263,172,1 
284,477,576,637,636,842,117,380,198,755 
921,529,264,668,895,276,91,901,20,556 
825,732,937,295,89,997,460,345,984,155 
919,158,881,33,618,214,501,554,331,396 
630,897,260,474,253,486,285,253,139,454 
256,665,285,182,756,825,728,179,841,597 
300,400,83,80,974,189,361,740,445,129 
100,253,973,684,925,31,82,420,831,68 
276,762,140,622,377,111,924,565,313,960 
279,222,499,811,756,1,204,581,98,517 
727,154,883,522,248,248,281,730,619,297 
720,788,626,739,388,695,91,845,627,384 
415,520,682,920,583,528,942,541,466,253 
697,764,393,338,773,823,763,881,756,688 
460,129,5,10,64,230,75,616,942,660 
919,22,727,519,118,520,86,809,654,698 
953,241,42,628,710,332,124,170,193,731 
946,558,617,169,993,778,107,79,846,190 
573,510,132,458,469,177,527,233,890,636 
111,194,936,540,760,436,977,885,454,637 
127,642,686,999,862,757,640,703,590,51 
617,276,414,482,284,537,988,689,792,382 
201,493,317,425,449,540,8,981,952,624 
462,628,584,146,877,127,903,247,654,422 
613,516,303,622,788,705,477,430,248,893 
830,797,253,71,21,285,56,75,654,124 
990,985,249,5,464,654,995,538,88,661 
416,603,982,342,806,904,251,761,682,302 
454,856,389,562,652,30,825,760,18,247 
166,782,31,69,490,546,917,156,748,716 
646,483,145,937,962,199,312,486,862,734 
816,37,505,365,201,895,209,342,95,766 
43,914,83,510,670,935,509,535,224,702 
252,313,875,644,589,333,80,2,450,980 
627,915,857,295,942,345,750,281,224,621 
363,925,38,65,67,431,481,532,366,202 
80,865,830,110,100,716,721,795,985,779 
223,6,797,52,11,631,425,336,911,669 
932,620,175,231,151,880,120,520,291,63 
674,333,967,577,375,902,165,8,432,502 
364,141,93,89,880,302,561,170,405,567 
673,846,379,969,505,656,51,707,631,218 
728,580,355,580,873,827,347,12,931,259 
702,875,915,766,726,880,992,668,248,651 
167,72,152,312,640,183,725,237,902,510 
699,714,948,128,912,461,339,665,798,438 
536,313,471,838,906,16,415,759,841,850 
915,15,986,648,447,383,119,907,773,922 
931,525,930,557,275,814,682,874,848,847 
444,616,441,743,520,178,30,744,348,394 
351,637,918,602,434,330,908,143,956,384 
375,483,343,964,214,861,561,154,79,23 
77,491,944,820,291,912,460,532,714,586 
193,101,454,592,805,719,157,396,769,629 
747,99,94,611,117,998,812,328,274,681 
242,321,894,120,583,135,72,529,87,95 
275,970,57,165,282,992,701,756,252,609 
499,619,488,519,550,655,154,553,888,441 
842,303,591,636,750,674,917,814,118,693 
789,440,805,972,297,828,879,112,73,490 
726,284,390,439,959,488,420,74,713,487 
453,124,541,335,579,300,65,204,174,204 
623,81,371,707,27,644,293,672,849,413 
93,8,948,235,277,236,260,75,299,74 
439,70,193,990,824,525,504,444,580,587 
453,901,953,328,228,716,537,190,241,476 
693,962,438,456,557,360,973,510,27,475 
831,640,439,304,158,873,893,510,125,633 
587,980,847,989,462,846,940,934,532,446 
800,764,725,275,790,702,811,953,235,121 
280,372,332,723,894,842,993,187,241,613 
267,119,73,9,544,800,460,192,920,830 
104,727,112,188,462,229,507,656,458,168 
216,601,471,243,567,37,663,696,85,150 
744,614,704,801,803,807,668,707,573,161 
419,135,616,223,75,832,572,851,209,960 
951,26,635,595,332,932,147,307,887,590 
192,672,999,30,271,996,308,146,750,136 
775,142,945,622,281,808,182,469,772,777 
178,114,205,891,470,490,123,57,309,728 
178,224,876,332,216,488,596,483,816,358 
124,213,997,250,94,903,182,55,428,733 
232,532,988,28,25,351,151,49,72,401 
71,922,747,250,998,959,80,489,724,547 
741,695,56,493,811,257,735,206,556,849 
19,790,565,696,170,120,183,282,448,70 
456,469,439,458,942,679,554,843,556,852 
809,888,453,193,215,748,996,360,255,894 
38,472,853,435,224,911,929,786,626,495 
205,388,757,987,264,879,960,709,804,718 
374,845,489,694,620,624,60,254,822,146 
219,188,297,841,215,168,459,8,252,304 
471,388,316,376,636,383,391,171,205,750 
623,666,827,1,80,824,183,119,621,592 
676,588,29,923,40,688,21,170,699,12 
487,628,881,115,991,972,402,267,54,851 
696,808,272,629,464,315,320,858,721,532 
252,132,538,105,707,752,408,225,138,595 
909,1,598,506,196,362,523,262,273,494 
787,914,662,893,203,122,455,136,263,850 
151,1,22,392,972,429,80,439,741,239 
268,905,883,363,421,728,669,395,44,233 
982,793,298,221,474,546,636,381,38,435 
577,698,180,611,431,479,254,5,217,651 
378,968,77,142,883,4,897,32,968,660 
478,192,702,530,317,400,641,283,246,315 
679,65,752,527,389,479,570,349,852,540 
88,793,539,807,362,320,496,403,470,102 
344,767,381,498,179,965,538,406,862,260 
311,398,448,101,746,332,702,295,101,102 
378,631,179,573,941,799,406,570,21,297 
830,631,698,913,140,456,203,109,700,732 
958,161,793,972,332,171,858,686,610,768 
258,606,316,57,213,130,324,317,775,401 
312,860,871,759,474,934,896,783,104,982 
8,678,620,654,129,71,942,816,172,601 
29,926,718,289,166,982,235,493,827,110 
431,903,724,64,348,290,746,418,229,532 
704,500,328,975,165,311,418,717,524,591 
293,264,485,148,157,316,884,235,48,538 
390,244,867,289,820,856,513,875,89,824 
974,385,53,429,850,12,572,503,18,850 
105,444,400,120,811,936,18,450,34,491 
824,628,483,420,207,212,486,72,274,383 
33,830,641,964,341,722,818,577,526,876 
723,848,136,948,81,637,133,181,498,615 
772,891,311,464,555,586,390,763,549,748 
692,177,902,623,768,552,875,697,890,89 
334,512,762,108,503,987,893,658,63,46 
977,423,6,502,154,962,940,458,614,666 
165,801,874,287,653,774,480,721,170,773 
120,353,553,961,435,667,385,763,862,740 
820,185,259,694,92,569,924,637,362,992 
441,149,953,11,617,186,25,361,332,252 
248,859,903,261,547,137,153,360,714,211 
794,127,449,968,668,185,426,310,913,614 
536,687,60,192,839,357,868,361,759,714 
354,835,960,846,899,88,47,85,833,438 
486,12,277,470,561,168,303,362,965,508 
230,657,203,565,82,680,514,603,750,534 
67,70,676,964,62,506,337,727,185,25 
631,835,793,844,361,22,513,374,801,687 
767,524,62,305,134,677,969,704,550,418 
118,382,464,89,823,530,725,92,468,638 
807,497,87,659,695,358,204,627,996,484 
846,347,949,580,541,147,462,106,643,939 
207,965,197,972,27,143,423,681,979,448 
816,384,970,257,613,448,124,143,417,296 
303,775,946,442,756,168,775,842,319,745 
365,175,929,216,937,405,135,956,632,853 
699,8,986,410,552,453,740,72,204,186 
213,306,230,339,369,568,462,139,889,524 
460,503,51,39,368,32,517,517,457,772 
37,114,289,74,444,823,93,313,898,973 
307,852,555,621,668,315,710,369,232,569 
710,411,961,750,833,456,280,776,189,320 
420,411,571,516,689,26,628,644,164,112 
873,413,301,360,623,500,821,573,606,674 
143,423,42,155,363,443,250,188,933,941 
174,393,348,77,606,928,591,939,374,949 
562,896,229,947,294,242,357,788,646,588 
21,781,989,48,769,881,422,426,683,465 
163,306,771,532,479,589,242,57,223,721 
260,70,666,939,820,715,386,487,537,664 
803,939,750,432,208,585,136,417,365,927 
824,41,646,812,640,887,359,665,299,770 
989,185,988,210,753,910,120,25,101,362 
832,446,351,488,839,590,394,277,138,983 
348,125,629,882,467,966,594,756,480,675 
444,202,85,286,18,950,994,422,214,170 
419,40,29,608,198,813,746,203,473,624 
459,790,120,858,477,855,12,852,668,824 
167,400,618,682,323,357,592,333,466,925 
346,1,8,436,757,618,589,151,316,60 
872,31,336,731,349,97,534,172,758,491 
834,462,359,76,705,447,875,505,268,620 
269,352,360,201,297,851,698,529,456,890 
721,747,642,885,612,161,342,733,242,902 
677,798,456,3,637,620,36,894,761,6 
177,439,118,563,892,744,504,639,986,81 
402,802,980,358,941,486,723,773,968,804 
558,983,533,377,91,547,677,498,257,361 
833,105,611,714,217,314,913,857,234,815 
977,622,552,483,219,815,804,167,521,267 
62,352,725,501,915,137,917,385,593,834 
370,470,800,621,231,304,619,496,620,881 
12,436,329,539,325,401,312,724,226,148 
323,407,589,862,381,867,745,978,869,906 
368,458,332,632,520,559,72,814,32,195 
785,114,968,748,160,397,542,336,344,600 
893,344,964,524,160,386,200,613,125,543 
852,762,860,181,939,931,270,466,274,535 
227,366,339,777,307,123,921,639,46,20 
566,439,616,207,209,574,420,296,931,391 
169,268,856,628,370,375,314,195,462,906 
569,912,672,92,480,739,850,324,705,758 
898,688,872,390,663,405,220,475,452,564 
970,989,250,565,500,821,861,779,527,717 
333,924,954,13,172,891,2,931,423,931 
330,270,846,370,120,927,149,407,795,877 
389,298,672,388,517,119,876,96,193,607 
916,756,957,731,880,537,491,757,750,365 
448,157,914,802,125,436,571,192,24,145 
9,561,579,766,987,998,996,430,133,531 
132,469,550,635,196,572,55,353,224,319 
351,485,183,805,756,344,75,243,765,604 
411,878,107,42,248,307,213,241,925,836 
50,304,783,418,96,384,948,866,396,329 
360,621,531,584,594,455,765,65,677,148 
433,567,194,434,323,93,379,975,99,896 
123,16,839,787,745,698,304,150,634,641 
658,116,734,659,484,440,283,384,960,732 
422,329,637,637,73,465,895,646,238,300 
472,255,537,251,216,777,155,553,768,329 
59,486,797,47,823,13,183,491,864,635 
937,499,51,863,579,778,100,377,946,792 
958,608,26,826,837,827,234,974,756,323 
605,414,185,324,81,686,190,63,376,995 
116,197,340,411,920,714,520,139,279,99 
673,928,774,989,59,821,169,492,624,422 
133,964,595,735,130,640,747,29,104,117 
67,958,210,201,886,951,176,638,551,802 
814,61,295,938,474,288,248,269,619,745 
70,380,693,376,454,914,601,709,518,767 
680,122,675,640,208,820,282,628,32,582 
118,989,309,298,712,577,287,285,613,965 
830,902,529,621,518,507,761,218,833,575 
390,904,675,364,677,59,913,833,164,502 
83,0,455,895,377,647,576,138,793,648 
805,160,86,871,884,340,476,392,665,443 
808,499,152,29,917,429,701,260,225,300 
168,928,134,598,127,204,732,951,308,721 
627,381,358,332,742,225,299,607,996,605 
706,761,497,36,462,994,441,755,271,104 
628,442,427,823,12,542,778,832,755,478 
399,193,42,336,250,629,580,408,258,775 
546,356,952,568,783,943,614,491,987,808 
7,466,285,438,144,31,482,666,980,344 
650,113,845,887,481,981,974,861,747,111 
598,979,81,475,14,525,24,415,964,147 
184,185,768,189,570,677,355,155,19,384 
944,302,901,459,811,799,141,527,678,825 
975,730,170,101,845,92,322,75,799,209 
226,575,388,938,255,815,846,978,953,496 
164,546,91,592,33,257,236,524,657,260 
917,350,500,822,314,602,547,796,622,917 
304,280,206,659,282,351,496,524,93,209 
653,970,848,997,369,673,72,230,324,587 
186,222,912,839,734,678,258,701,423,143 
742,257,470,656,740,74,711,60,607,966 
731,879,283,964,540,789,782,101,375,783 
215,375,980,923,523,840,753,510,863,3 
844,577,584,114,655,646,958,937,214,677 
31,795,284,823,848,179,419,198,781,152 
523,127,186,894,745,877,546,405,185,571 
52,368,351,286,718,893,422,925,938,388 
499,886,181,485,596,222,374,402,426,828 
700,486,910,610,552,585,632,929,153,474 
322,696,998,392,171,946,462,68,711,33 
555,542,156,914,301,210,183,711,595,735 
877,34,861,732,598,533,285,31,531,467 
411,348,760,914,527,134,741,936,722,5 
158,31,317,196,58,71,803,709,489,654 
891,580,7,734,269,53,149,755,277,250 
638,543,61,349,839,532,285,582,896,782 
854,906,39,210,925,433,372,895,67,450 
38,792,824,845,492,418,31,284,193,200 
781,935,462,113,147,411,443,291,932,942 
545,190,648,65,662,95,454,986,539,247 
640,141,674,528,352,615,489,132,177,815 
804,393,904,938,439,773,129,145,656,50 
334,840,107,854,18,301,143,721,988,75 
574,844,791,235,106,243,510,862,946,78 
221,569,132,946,650,502,108,502,35,115 
835,189,41,65,395,240,777,882,686,445 
212,904,871,432,996,839,184,764,183,798 
546,893,56,143,323,725,592,472,434,834 
500,557,718,841,208,276,724,457,873,101 
23,270,688,972,490,712,595,748,489,583 
237,914,110,718,182,803,455,33,733,115 
388,44,849,579,774,777,103,134,523,813 
294,568,878,224,990,340,316,120,143,816 
57,513,910,903,793,763,202,363,171,399 
893,924,735,639,246,698,231,945,771,571 
60,376,443,225,240,552,922,891,456,20 
357,974,949,973,501,672,688,89,778,897 
506,693,100,567,78,168,814,148,934,902 
511,198,834,598,181,715,599,729,646,662 
339,927,161,131,719,256,503,186,758,875 
672,523,890,959,983,927,942,619,15,703 
477,244,575,844,809,107,392,770,0,576 
856,465,105,255,791,705,28,941,207,161 
640,143,777,260,510,447,689,594,986,253 
283,38,506,934,31,761,942,859,864,426 
111,784,379,983,581,863,891,701,153,232 
689,177,481,376,824,177,674,796,343,137 
959,96,631,365,951,928,788,200,437,697 
937,79,753,725,164,54,20,298,368,700 
984,798,329,645,590,409,315,748,481,335 
435,731,448,153,919,433,433,750,545,126 
833,443,926,430,40,548,717,415,545,733 
835,513,935,715,4,194,658,944,596,315 
433,310,755,370,706,571,622,860,237,365 
794,831,990,627,260,25,97,440,332,113 
472,349,272,816,32,433,645,315,370,79 
160,640,165,117,786,675,864,948,90,660 
517,649,508,262,258,463,983,878,329,534 
933,310,159,4,811,965,753,910,456,669 
474,940,979,625,249,150,165,945,111,575 
829,147,791,397,410,976,718,289,139,848 
554,569,74,938,791,63,152,749,212,70 
626,652,421,561,408,473,289,384,902,257 
19,599,340,519,766,805,160,912,329,886 
115,931,114,717,553,635,174,562,802,954 
503,116,693,83,455,163,301,308,25,844 
203,295,479,538,274,987,637,21,250,204 
948,394,53,19,891,759,645,803,512,65 
190,874,109,68,824,639,341,334,516,542 
325,528,103,686,847,162,549,172,490,762 
517,693,742,41,379,437,675,546,251,151 
369,272,600,399,985,147,380,868,595,766 
938,452,1,456,519,779,880,108,135,108 
863,872,772,250,584,759,465,259,828,99 
189,874,91,963,739,575,777,268,407,893 
468,87,466,505,753,679,598,402,638,437 
933,696,666,74,699,325,489,976,301,339 
76,525,881,849,653,101,781,390,232,555 
355,464,972,892,530,80,585,505,832,526 
884,503,547,693,254,780,167,475,571,759 
169,112,893,277,939,584,769,220,568,262 
753,613,71,814,361,635,796,407,757,899 
937,676,159,191,381,862,263,146,451,960 
962,490,923,590,533,229,141,362,859,202 
113,588,266,998,132,398,700,63,701,593 
449,392,382,368,474,289,342,135,256,666 
931,119,747,532,796,601,487,692,325,964 
808,461,260,813,454,616,992,130,147,699 
769,115,722,300,386,53,794,984,163,44 
775,525,643,125,138,728,171,565,342,995 
894,873,620,567,820,964,17,218,470,222 
426,636,156,47,778,788,865,152,954,970 
328,289,791,689,824,693,194,899,875,871 
320,256,356,599,242,813,343,124,951,565 
858,872,540,831,577,163,286,307,552,180 
495,386,969,987,380,561,621,340,911,273 
671,265,16,887,836,352,326,227,703,259 
196,591,161,10,102,78,277,473,890,294 
58,615,988,947,17,405,394,906,78,654 
670,807,572,721,10,811,201,728,877,981 
217,677,308,404,110,856,300,422,804,119 
131,648,467,259,334,451,29,786,293,759 
880,534,643,679,998,906,386,968,111,692 
947,495,632,900,442,342,669,111,960,187 
698,872,667,6,815,52,144,868,562,552 
89,948,422,322,969,310,224,128,931,859 
795,24,571,877,50,14,124,171,794,723 
73,921,986,744,447,202,803,863,447,115 
217,530,746,86,180,131,133,327,552,887 
971,799,447,368,346,874,553,341,269,503 
498,648,401,244,426,172,940,235,690,832 
591,413,9,381,228,153,110,432,698,296 
368,844,397,513,897,279,707,52,586,727 
346,5,872,649,796,143,660,638,900,707 
832,811,947,316,164,755,875,679,809,939 
581,84,509,209,93,67,245,746,331,886 
337,151,437,953,952,627,607,416,181,580 
557,14,993,835,223,285,176,426,371,470 
240,825,345,598,923,796,983,52,821,949 
701,619,513,761,739,752,303,802,950,722 
96,337,385,832,2,453,392,91,478,260 
872,738,871,821,91,444,53,376,583,782 
887,675,798,504,424,129,72,318,680,905 
852,376,51,777,190,638,534,380,242,652 
669,631,302,70,786,876,886,480,753,217 
529,285,423,961,249,802,152,924,768,853 
879,637,782,351,64,208,942,68,833,774 
880,587,576,446,994,758,966,354,863,952 
801,579,313,613,359,514,955,403,798,212 
167,67,256,593,583,828,708,498,463,532 
320,364,343,723,234,485,846,663,558,250 
785,982,842,219,588,691,541,899,63,624 
589,719,250,372,728,883,795,897,907,243 
508,212,22,213,98,978,240,841,535,140 
6,25,409,175,263,19,676,619,732,896 
642,565,691,528,579,2,554,436,903,411 
184,144,104,192,711,843,525,362,654,124 
945,746,299,675,371,287,862,633,6,903 
224,228,888,750,250,683,863,756,786,195 
743,982,368,780,649,195,752,827,126,241 
224,428,129,59,128,67,626,650,153,432 
454,406,494,341,676,814,255,772,995,123 
909,394,542,646,560,187,194,57,947,400 
110,841,217,588,361,990,169,406,306,132 
229,579,904,729,697,892,58,939,502,984 
761,749,958,726,289,158,145,945,438,39 
974,639,20,775,574,184,374,141,923,72 
536,976,910,769,313,678,381,784,47,88 
331,329,462,286,553,546,212,308,674,306 
731,632,181,612,722,223,203,100,573,12 
80,828,200,700,143,723,563,104,406,179 
103,712,49,341,719,569,522,11,585,971 
294,130,12,153,250,739,492,421,820,44 
424,207,934,463,541,346,534,958,547,932 
417,74,93,192,181,231,478,602,606,205 
231,662,232,678,117,589,771,479,775,997 
117,740,301,291,241,501,548,616,581,663 
446,294,57,792,718,981,475,43,569,694 
176,956,0,58,549,448,618,472,907,284 
614,75,769,209,142,836,603,881,928,704 
49,705,750,176,626,266,165,369,959,453 
42,216,444,883,176,548,985,526,543,655 
551,472,286,986,941,14,641,765,18,824 
813,552,397,424,208,664,241,836,303,537 
348,450,767,516,798,191,868,990,615,27 
408,573,649,949,731,880,165,879,344,114 
345,69,353,506,287,128,385,746,545,649 
679,705,152,644,570,287,163,635,736,789 
420,643,649,599,239,439,944,47,365,696 
297,215,773,22,549,451,793,613,83,8 
406,414,298,917,237,185,465,661,134,292 
751,541,605,403,254,344,837,692,225,853 
368,901,655,537,728,549,472,55,400,387 
332,905,164,919,907,633,575,59,183,536 
660,206,365,514,68,61,91,941,237,830 
979,620,451,410,949,988,728,574,708,314 
408,735,582,606,88,439,655,657,156,352 
791,806,975,316,63,352,501,527,12,272 
381,914,666,121,482,164,865,891,913,974 
949,679,412,796,231,133,861,619,553,464 
646,595,327,51,437,843,81,739,414,100 
669,56,568,419,417,488,337,470,718,722 
629,673,528,540,794,229,946,610,223,351 
294,276,947,313,746,130,17,487,454,30 
185,799,922,238,794,278,101,261,212,771 
504,502,706,579,264,412,796,672,202,200 
163,902,73,415,197,12,300,359,400,675 
939,455,219,567,15,416,88,654,233,860 
430,217,890,370,955,239,322,946,95,17 
261,283,499,213,751,822,192,426,120,7 
925,500,203,392,256,789,640,626,261,873 
618,657,164,428,482,170,885,818,842,764 
663,170,70,384,965,88,668,966,682,493 
748,61,188,238,595,39,779,518,10,631 
661,321,611,656,930,694,27,867,586,199 
3,876,287,896,312,914,141,498,219,329 
237,947,755,278,953,500,534,982,994,791 
519,51,157,914,873,124,180,564,841,784 
720,171,737,695,460,712,849,261,717,544 
128,412,302,231,257,77,201,435,425,218 
655,450,884,339,544,650,39,3,261,507 
752,974,546,274,169,393,90,917,652,934 
139,710,201,419,465,246,338,718,894,503 
839,79,655,429,109,538,298,490,178,391 
107,14,164,480,829,376,591,326,933,403 
557,512,459,887,415,994,554,682,138,806 
295,947,741,657,406,475,815,188,623,809 
685,814,8,25,33,714,900,80,926,626 
385,118,328,896,511,48,136,997,604,280 
189,888,525,844,758,268,551,337,916,422 
44,569,741,490,416,960,499,377,411,398 
787,209,401,770,761,473,477,924,624,975 
117,157,727,793,446,550,199,396,607,689 
906,204,92,895,318,400,169,311,262,857 
614,848,497,727,538,259,595,472,0,744 
586,438,71,940,828,132,373,428,932,453 
635,632,131,408,611,439,691,468,749,82 
598,212,90,88,581,272,896,462,268,528 
636,624,979,356,526,905,408,765,214,811 
192,610,244,523,492,640,509,188,264,410 
34,902,895,712,578,651,458,391,703,742 
951,957,918,664,678,287,448,992,343,785 
694,702,959,841,585,21,858,296,999,779 
490,14,242,38,773,713,274,84,493,674 
803,519,616,76,97,51,384,961,999,693 
381,883,584,827,614,228,12,882,767,123 
244,375,749,548,497,270,356,498,695,888 
529,643,671,213,76,688,913,166,60,87 
768,653,79,464,656,491,569,712,331,206 
969,509,888,925,380,823,413,370,849,591 
59,291,851,167,688,484,413,454,819,100 
887,790,519,602,567,435,602,853,955,810 
536,133,907,675,64,281,675,813,168,958 
966,309,780,96,38,586,346,960,448,184 
689,771,581,144,408,306,826,392,251,275 
809,708,15,404,912,648,39,231,672,864 
967,630,840,151,582,852,655,833,361,558 
57,133,809,204,817,170,190,784,196,372 
342,810,70,691,846,605,406,89,49,914 
492,46,454,39,611,306,371,555,482,606 
664,696,60,983,359,254,359,583,839,600 
338,866,951,365,743,827,175,638,688,249 
659,335,365,569,393,299,900,49,985,208 
114,557,60,532,317,650,453,299,308,341 
797,78,134,887,123,330,151,96,367,514 
441,724,415,369,911,806,899,720,853,920 
147,624,219,996,297,69,800,842,169,432 
700,591,405,991,749,758,92,954,355,542 
346,429,775,751,627,109,974,865,49,137 
299,484,950,895,514,950,267,119,818,500 
934,56,210,488,90,5,108,603,888,252 
438,696,220,227,437,701,195,55,76,278 
95,162,363,104,677,528,99,343,510,383 
805,276,793,488,634,294,602,70,157,451 
707,58,181,620,120,560,103,843,97,402 
904,249,593,632,663,136,836,72,641,346 
253,655,790,781,36,620,9,683,711,853 
390,146,664,145,195,196,844,665,193,580 
643,67,220,790,139,725,613,361,255,107 
737,269,813,525,610,171,173,231,899,229 
326,526,329,226,378,556,37,118,410,241 
574,900,836,862,460,641,480,175,127,719 
91,908,878,194,714,715,91,906,96,14 
43,150,354,437,908,153,48,160,951,828 
662,556,276,432,337,647,709,374,421,608 
491,285,770,888,20,694,168,215,567,439 
695,893,174,587,273,942,49,963,363,497 
772,267,790,397,86,43,948,801,754,280 
270,630,635,903,867,466,337,941,498,940 
72,838,624,760,951,88,981,774,566,563 
849,195,112,759,588,139,328,178,51,616 
120,925,559,220,757,705,479,256,398,707 
53,407,340,874,854,914,67,25,419,752 
597,405,101,961,520,460,293,775,766,624 
506,194,883,407,11,38,332,640,844,28 
898,540,765,66,125,863,86,751,469,762 
287,959,604,558,459,567,216,654,213,358 
628,649,499,425,166,235,7,345,187,296 
989,50,967,700,198,59,385,210,546,213 
938,622,597,41,734,41,920,355,635,145 
168,885,814,346,332,425,662,741,15,415 
32,564,782,151,809,159,244,980,730,54 
696,998,301,91,496,369,910,26,607,247 
421,961,82,391,928,398,272,408,238,274 
575,630,502,8,564,559,989,65,474,715 
974,623,620,558,3,868,333,36,594,190 
836,639,116,393,494,688,735,818,163,648 
922,876,11,465,145,185,873,414,198,917 
509,635,823,282,376,731,792,916,64,364 
261,281,556,521,345,703,113,660,493,585 
754,245,864,95,102,988,92,498,523,647 
457,505,801,456,851,858,986,198,279,848 
477,487,499,302,857,743,659,621,879,367 
775,368,312,221,777,633,853,371,557,767 
654,703,554,367,362,223,669,36,373,22 
916,821,592,959,936,393,681,525,915,889 
643,541,401,906,537,866,724,949,796,554 
719,981,133,865,972,501,219,242,673,843 
645,517,380,357,748,274,376,30,424,833 
616,277,843,243,151,955,890,432,498,639 
743,278,438,407,644,778,3,701,338,207 
50,964,687,904,539,221,294,763,6,386 
256,261,435,774,433,556,118,8,270,964 
282,10,905,913,710,242,823,110,292,148 
561,745,302,161,678,787,772,201,130,567 
40,249,239,389,867,848,986,612,312,516 
761,818,142,908,872,905,947,969,378,41 
675,870,965,379,24,921,574,569,819,957 
148,416,313,397,792,239,26,799,826,191 
970,651,487,438,682,959,6,233,889,256 
554,614,395,207,105,220,964,325,36,647 
390,245,767,3,205,949,424,949,308,263 
252,185,225,458,477,411,11,776,408,909 
212,452,226,970,857,507,43,477,878,692 
794,777,294,908,888,701,984,450,2,211 
46,676,229,918,895,540,934,78,148,651 
17,314,600,785,215,608,32,358,725,403 
418,127,471,738,234,840,67,329,174,242 
634,518,547,722,273,515,930,662,518,475 
106,724,615,562,217,49,947,13,421,867 
668,891,116,156,588,359,219,467,924,867 
884,33,260,514,712,500,156,10,388,659 
33,125,705,703,556,899,403,410,452,365 
779,72,364,376,696,142,390,243,352,339 
719,103,972,921,980,331,865,32,754,441 
595,320,644,633,60,888,477,47,602,632 
221,907,511,687,448,573,890,130,450,507 
66,570,159,505,307,697,151,156,513,368 
470,507,73,632,218,546,159,803,773,604 
330,14,363,220,364,750,5,168,286,555 
668,811,256,405,729,454,29,634,328,138 
85,210,990,156,244,55,959,485,464,892 
826,613,23,688,553,332,847,543,407,925 
456,766,582,215,396,105,193,752,254,514 
108,337,832,256,716,616,830,586,632,358 
240,414,646,942,110,635,979,438,187,415 
978,454,748,782,670,218,898,648,323,261 
674,733,38,196,62,639,836,476,341,828 
904,561,221,351,494,748,833,634,213,111 
885,530,210,760,486,271,543,977,175,359 
858,344,302,150,961,120,893,867,780,618 
892,282,339,81,107,561,582,833,837,418 
892,523,937,972,154,736,186,470,189,407 
686,457,635,845,404,569,436,272,678,904 
238,616,638,695,566,643,517,66,378,339 
559,926,914,101,2,209,648,489,644,22 
469,409,476,956,242,936,401,898,280,73 
616,930,991,921,145,799,91,938,368,60 
181,509,377,706,566,146,764,133,726,511 
225,4,706,387,101,115,899,622,138,111 
147,919,908,365,835,105,936,479,424,11 
879,756,653,843,464,899,689,694,716,52 
40,494,779,867,312,480,620,481,514,689 
817,121,688,710,329,628,774,252,351,898 
769,378,7,422,20,89,265,404,137,580 
838,497,468,578,359,327,83,94,942,564 
314,559,668,118,924,193,529,221,611,975 
457,5,24,946,620,134,718,267,854,297 
33,49,405,506,604,840,970,413,472,894 
102,534,656,115,917,161,265,708,448,426 
456,540,916,235,379,264,632,376,641,717 
581,951,549,617,694,249,861,26,110,568 
418,55,248,581,648,657,202,935,797,861 
771,209,623,849,787,352,893,384,242,407 
591,700,48,642,906,127,460,436,211,478 
248,101,565,907,857,291,822,77,173,715 
155,886,125,508,804,521,50,785,859,53 
876,833,109,259,325,565,123,416,612,821 
714,535,845,743,446,839,893,965,46,691 
764,841,608,300,203,488,581,368,717,153 
799,300,890,529,911,286,678,692,756,872 
65,193,693,185,415,18,936,478,663,975 
299,520,425,110,791,482,993,241,308,202 
304,885,303,921,465,530,529,961,465,627 
977,842,792,356,162,16,164,555,327,541 
268,109,42,111,730,966,460,61,450,627 
646,43,303,728,735,896,581,169,326,224 
729,471,47,587,236,290,131,833,638,501 
839,968,984,891,983,51,762,259,971,9 
634,90,591,944,198,294,945,468,505,283 
420,31,193,108,17,598,498,255,173,742 
491,165,877,650,997,548,901,250,52,515 
833,57,766,498,539,507,297,612,51,745 
289,258,917,811,599,373,347,648,365,647 
571,501,853,774,188,464,82,478,466,31 
662,410,209,66,618,903,517,802,348,653 
560,909,667,99,61,71,94,182,530,93 
170,813,315,977,634,276,120,118,857,652 
160,463,211,811,567,656,713,141,915,544 
27,110,268,162,896,610,50,670,137,652 
441,537,196,383,495,686,21,668,262,191 
454,169,92,388,998,274,39,310,976,647 
23,673,858,314,916,364,942,203,398,766 
870,770,700,583,744,128,84,872,553,434 
400,696,310,458,82,804,373,748,334,577 
314,595,838,273,950,645,91,576,505,754 
686,379,472,4,591,188,434,3,413,179 
756,144,164,180,469,860,165,881,299,900 
191,149,172,171,507,517,625,732,357,522 
420,26,854,615,747,983,327,619,829,133 
552,164,97,764,462,889,254,81,731,337 
60,247,614,925,961,772,740,191,56,195 
631,726,156,89,762,703,107,238,127,202 
301,194,863,397,228,538,121,41,213,702 
830,743,276,736,424,830,758,522,83,85 
255,124,428,455,509,410,414,736,668,838 
571,778,199,223,871,652,592,213,328,352 
375,831,954,296,591,947,640,852,990,874 
773,234,251,813,304,98,321,424,557,517 
98,322,472,258,975,6,716,140,443,145 
810,564,368,696,157,766,25,917,410,18 
462,829,141,858,494,626,575,347,535,360 
964,714,225,230,144,820,264,996,394,129 
112,219,912,78,723,36,874,558,518,185 
139,117,762,490,129,105,581,542,230,701 
257,367,311,451,861,287,665,909,503,60 
108,504,675,406,376,909,173,249,796,413 
266,804,861,353,21,740,891,299,669,125 
712,597,739,543,793,996,626,121,175,296 
975,924,999,219,536,606,421,323,241,698 
96,46,897,401,750,281,115,31,680,997 
496,756,953,390,450,389,824,689,876,46 
220,818,637,503,927,944,979,312,51,741 
476,58,994,845,15,908,938,146,385,183 
876,377,348,710,981,22,458,453,222,799 
503,332,982,183,60,168,40,241,584,848 
87,559,921,127,733,262,952,402,115,32 
923,111,419,205,843,544,17,998,614,691 
136,857,23,175,705,970,113,909,453,532 
443,952,876,996,933,139,959,93,112,438 
31,230,844,332,800,884,147,509,848,429 
994,378,514,91,704,266,7,72,575,768 
548,524,168,127,454,281,347,427,682,215 
115,837,945,961,368,451,920,322,6,49 
454,245,251,384,951,169,406,905,238,197 
955,239,135,141,179,966,906,969,472,475 
411,262,718,514,870,68,292,198,983,484 
322,665,744,291,813,456,332,615,926,521 
521,516,256,228,3,740,544,75,226,433 
783,367,221,896,515,393,288,308,324,738 
665,916,434,800,297,802,179,941,902,905 
866,677,492,506,635,924,755,763,395,801 
812,837,317,579,878,936,199,775,13,77 
235,355,434,560,697,818,925,552,346,453 
886,404,735,434,28,803,136,235,309,744 
488,13,732,745,542,571,768,562,247,95 
593,619,806,405,269,770,133,636,833,510 
917,850,443,34,34,11,12,434,258,349 
867,686,212,994,452,808,685,667,312,794 
917,478,134,969,528,708,999,440,137,738 
647,123,417,409,151,977,269,228,744,476 
829,182,146,441,921,565,2,622,894,679 
2,389,686,215,626,604,934,260,684,221 
193,327,293,969,625,182,888,212,613,882 
740,493,838,169,598,229,316,601,49,1 
686,690,561,253,287,335,800,895,555,865 
912,662,944,383,199,813,706,77,248,975 
783,672,229,880,681,244,770,390,961,962 
302,19,265,658,739,392,178,504,772,735 
748,846,254,925,748,798,639,450,839,130 
939,230,557,418,222,106,961,857,964,41 
549,709,587,353,386,689,514,257,629,673 
763,264,148,201,411,775,456,65,603,53 
461,497,783,238,229,53,43,559,115,782 
134,848,82,893,438,446,966,84,587,796 
930,635,832,525,48,196,739,73,920,692 
14,146,416,398,734,490,337,509,193,882 
938,901,685,121,326,639,171,855,232,352 
394,685,519,804,271,60,940,524,410,494 
728,930,717,892,843,668,53,205,983,421 
851,624,715,948,212,311,523,686,468,720 
269,39,642,776,526,848,437,590,443,309 
548,634,660,767,114,904,146,265,608,677 
481,561,13,965,585,525,81,886,862,926 
943,228,400,486,728,674,701,66,644,834 
401,612,348,449,136,343,867,10,994,487 
915,933,837,29,843,276,641,909,6,914 
84,868,423,152,262,153,320,414,646,566 
971,866,955,491,583,447,568,575,412,709 
583,748,369,305,670,638,434,242,614,656 
768,311,719,164,161,856,938,756,174,847 
375,305,947,203,429,47,33,89,704,851 
423,478,268,2,512,910,255,0,485,106 
941,930,339,858,69,288,303,711,801,34 
878,555,699,278,570,736,602,947,302,233 
156,398,402,297,773,838,482,326,558,454 
152,114,529,934,323,878,89,286,399,114 
638,681,307,869,173,746,146,254,855,229 
265,797,824,796,552,249,879,524,212,599 
598,700,704,739,847,770,627,687,734,146 
221,853,782,843,419,890,771,328,218,185 
823,8,792,512,192,90,949,699,558,600 
161,788,994,623,456,284,546,393,800,593 
626,703,155,187,412,846,216,444,624,356 
259,388,798,39,261,318,704,987,78,203 
253,6,622,433,496,522,756,551,95,998 
318,832,872,585,919,689,677,132,238,393 
736,803,459,636,530,136,244,492,900,843 
414,36,537,474,440,922,203,129,248,945 
610,399,929,704,563,813,356,627,229,722 
227,339,415,184,629,381,116,429,339,700 
969,551,545,643,445,328,297,827,551,737 
945,597,862,750,724,126,81,254,390,756 
279,653,657,224,376,319,133,42,715,379 
860,867,665,506,468,348,542,843,493,385 
400,109,522,801,839,48,860,900,957,792 
10,233,367,111,621,323,569,253,8,456 
225,799,933,894,577,481,770,930,719,553 
570,702,938,858,367,750,611,329,582,704 
771,424,571,710,707,373,947,593,669,86 
505,195,434,211,256,128,701,871,47,690 
21,628,362,56,337,195,909,723,75,45 
371,845,86,697,133,902,884,731,831,604 
240,316,956,230,19,524,449,933,306,905 
967,504,796,690,146,970,521,908,751,210 
389,144,170,159,68,616,893,454,736,756 
468,233,30,46,173,582,127,798,486,473 
458,522,695,663,39,565,566,568,38,714 
329,248,93,270,253,258,712,480,517,217 
691,486,31,589,59,685,337,550,523,156 
697,185,843,862,778,284,602,714,409,934 
44,17,727,56,910,371,994,915,534,654 
284,125,224,956,644,395,771,231,83,988 
75,668,223,759,647,186,340,570,890,733 
705,225,687,563,14,463,85,723,635,628 
466,213,595,531,140,937,815,911,754,104 
7,618,690,665,628,577,332,345,33,870 
642,914,480,899,363,454,793,289,21,769 
76,795,896,465,711,394,906,915,868,901 
581,730,554,412,356,510,660,890,116,223 
110,68,224,957,731,650,668,286,276,273 
587,323,195,651,876,167,269,732,927,92 
662,953,30,404,135,647,518,625,938,565 
349,305,790,824,629,90,406,97,814,758 
107,260,666,227,762,984,698,498,305,518 
758,681,186,496,802,103,818,903,20,660 
915,473,113,747,341,613,479,453,244,940 
93,66,819,518,191,382,310,638,878,30 
661,443,964,942,676,52,301,257,599,280 
681,876,987,479,734,519,680,40,378,17 
43,767,622,999,687,778,774,344,187,65 
156,864,15,873,269,799,552,843,979,286 
467,893,978,669,358,796,686,524,514,524 
481,460,477,783,963,984,923,6,1,526 
149,318,720,108,466,673,348,784,993,848 
809,897,657,899,522,891,520,477,519,363 
415,446,857,824,423,966,385,970,212,179 
391,210,311,216,279,820,322,882,917,741 
573,695,721,886,981,613,589,434,484,717 
716,90,380,314,109,10,116,434,460,480 
229,512,762,336,934,122,355,951,172,486 
53,394,638,12,120,506,348,920,97,958 
463,608,104,909,667,556,258,575,106,414 
425,982,562,791,158,398,158,602,897,734 
667,914,624,11,936,12,67,392,889,608 
680,123,173,346,785,366,186,871,67,849 
523,366,402,489,560,284,896,103,219,868 
109,143,891,825,137,651,753,481,420,4 
40,401,758,965,826,591,954,876,45,448 
333,229,668,182,333,580,337,884,156,631 
729,514,668,798,680,200,756,920,691,361 
177,163,469,918,816,535,393,171,207,296 
166,314,971,207,209,418,4,436,659,867 
405,641,27,105,200,109,751,659,846,300 
44,839,596,968,421,36,17,927,911,459 
540,496,147,386,474,754,341,366,197,516 
922,725,312,355,6,582,222,115,795,501 
107,756,142,807,578,56,499,766,982,911 
464,921,549,400,47,4,349,548,453,863 
690,136,712,837,136,623,190,36,43,369 
960,387,406,453,717,245,888,590,811,593 
194,372,800,107,29,994,71,923,633,448 
918,304,625,285,235,936,370,706,751,383 
641,589,595,793,964,737,655,485,569,887 
665,921,34,651,811,452,538,69,365,924 
202,689,793,141,204,558,846,42,801,408 
780,683,182,115,319,699,304,413,806,236 
560,773,922,145,274,214,684,464,239,682 
879,803,931,981,621,362,497,520,510,374 
122,733,386,540,836,542,304,164,671,53 
383,725,99,991,545,614,661,762,288,196 
176,703,337,163,824,606,813,747,890,70 
69,921,720,253,510,38,73,402,402,912 
436,764,638,123,428,918,107,324,615,251 
579,570,257,856,45,537,287,842,724,628 
165,812,329,670,256,532,505,390,847,11 
314,29,228,592,543,740,945,49,546,615 
902,349,57,168,350,240,457,769,953,971 
567,146,165,615,62,515,773,430,746,246 
540,551,307,309,34,372,629,379,245,433 
588,730,283,811,429,456,164,67,392,374 
20,614,706,640,678,578,822,634,4,295 
43,372,402,311,737,852,915,219,365,877 
364,228,4,81,284,235,141,888,885,53 
606,109,300,303,440,73,435,730,583,255 
857,146,33,35,87,753,9,888,635,235 
987,452,809,509,183,250,693,543,291,219 
830,548,952,162,548,186,991,835,154,298 
580,671,926,157,848,167,926,152,629,427 
773,966,91,238,898,241,304,463,873,333 
475,622,627,257,305,256,929,163,97,682 
750,302,386,910,66,842,932,429,178,57 
875,41,773,961,864,677,178,755,411,108 
413,415,371,315,224,658,845,140,806,501 
579,112,187,315,675,552,327,183,441,503 
441,559,495,879,104,81,912,343,453,848 
148,63,932,275,293,472,618,242,105,114 
968,590,160,722,781,60,93,144,34,990 
66,891,374,446,556,969,834,616,997,271 
599,331,984,658,227,147,335,455,923,430 
312,813,178,112,14,101,40,902,700,115 
862,148,404,228,645,339,797,779,726,155 
28,938,628,792,153,281,37,828,938,686 
704,393,966,274,105,121,751,756,648,156 
754,988,527,861,83,270,730,650,721,584 
160,198,384,122,544,220,798,433,519,922 
109,432,646,896,951,492,40,179,488,11 
521,123,13,152,538,477,210,533,984,469 
993,853,350,348,711,524,207,538,352,894 
973,593,187,633,887,453,176,433,180,291 
525,566,895,533,784,171,611,504,287,117 
869,394,371,510,545,371,347,141,469,895 
597,996,162,405,775,190,296,807,100,827 
865,662,930,561,414,833,607,944,37,610 
252,962,260,925,402,734,303,878,409,704 
782,974,904,174,426,185,830,689,462,119 
903,662,506,942,442,192,970,280,343,524 
477,630,70,513,97,689,698,994,460,472 
733,49,726,651,789,457,666,923,196,120 
915,28,781,519,643,552,634,56,119,369 
827,723,294,874,729,53,472,354,880,149 
36,527,706,364,361,675,73,993,894,221 
469,630,781,175,531,650,281,839,390,172 
729,821,455,376,429,176,960,98,405,309 
735,196,257,61,854,141,795,449,583,273 
9,253,732,607,598,894,612,795,408,73 
290,904,612,962,408,513,997,918,617,812 
412,85,811,435,178,311,419,713,464,730 
819,766,607,269,30,343,980,372,852,501 
387,161,17,96,796,555,264,191,835,662 
638,479,409,199,929,574,393,753,462,898 
317,481,273,171,901,146,639,962,329,22 
984,829,535,203,265,104,318,421,669,641 
587,53,267,647,112,270,603,256,650,55 
731,238,612,586,598,86,671,9,331,749 
859,927,763,502,679,234,476,268,300,115 
627,841,696,519,454,737,70,782,911,934 
394,893,509,632,554,482,669,768,88,420 
13,274,965,492,329,797,440,987,567,945 
427,202,140,699,982,216,258,911,781,660 
153,347,12,991,1,212,187,292,426,784 
405,8,715,335,490,632,39,342,253,547 
893,201,239,125,190,549,306,740,682,359 
970,539,363,756,909,25,763,918,308,125 
794,800,441,64,775,279,0,591,647,781 
355,836,956,314,357,672,516,417,112,599 
923,356,73,688,219,301,449,455,543,179 
511,224,263,445,657,762,550,606,514,526 
207,461,621,723,534,391,455,744,515,563 
411,565,97,570,399,846,196,722,203,220 
873,69,738,802,431,730,488,513,915,792 
676,360,427,986,904,476,376,276,947,416 
758,609,55,265,863,206,742,361,67,190 
183,958,196,578,119,853,142,588,27,888 
284,441,330,186,389,442,39,243,798,285 
579,901,569,517,745,361,50,34,211,374 
650,445,675,487,917,629,859,600,119,863 
686,573,771,886,159,215,811,127,295,12 
299,151,981,858,280,819,157,15,415,732 
491,464,959,581,696,468,928,522,67,188 
725,767,596,42,173,370,513,811,104,726 
323,355,853,996,67,899,136,456,846,897 
47,822,384,52,894,944,180,625,353,245 
841,504,751,607,9,869,798,608,995,723 
993,170,480,355,278,970,267,149,875,744 
585,233,329,502,503,93,329,227,259,899 
235,74,683,181,374,812,434,696,458,694 
185,450,288,992,890,618,459,980,31,291 
80,959,937,580,472,775,997,343,350,137 
432,52,276,822,380,545,456,873,106,248 
260,392,999,701,91,188,468,106,407,438 
333,322,376,456,323,110,367,190,716,863 
744,255,384,913,974,668,399,287,416,459 
454,713,913,704,305,207,870,993,98,177 
536,276,39,901,873,816,210,611,451,461 
722,736,124,545,790,181,6,215,170,236 
26,222,770,751,885,779,235,109,187,988 
713,569,760,747,331,944,398,947,259,839 
504,585,873,31,956,90,775,294,527,557 
272,699,795,181,633,766,612,974,105,641 
608,57,229,703,996,717,236,520,499,676 
129,454,1,303,871,87,446,263,839,431 
359,321,996,841,966,917,264,137,377,68 
735,322,376,435,145,47,80,176,910,744 
885,120,297,547,700,882,623,524,46,116 
657,523,168,896,988,673,111,522,850,382 
185,937,321,153,551,151,834,325,599,399 
204,517,46,962,591,404,771,310,764,691 
334,372,1,832,167,892,491,983,43,63 
156,88,896,265,652,204,866,905,139,389 
631,678,292,258,324,919,622,612,227,919 
452,535,532,68,956,616,48,883,29,48 
148,513,585,130,818,824,394,799,756,156 
593,99,554,249,265,947,27,227,50,590 
7,546,658,805,211,312,589,744,78,447 
45,687,568,132,638,553,99,498,152,613 
857,133,71,163,365,244,271,109,118,850 
336,231,21,289,553,432,455,579,345,340 
734,606,329,344,91,131,526,250,38,60 
874,314,454,456,954,872,603,84,274,691 
17,415,268,715,127,810,527,485,277,298 
652,649,845,563,988,920,127,219,478,79 
440,449,397,587,630,88,709,912,2,187 
814,890,320,519,849,215,722,55,287,823 
608,40,953,769,380,19,970,459,170,888 
145,957,533,564,859,347,653,738,53,765 
396,999,927,389,335,869,795,589,210,398 
821,690,716,523,493,496,946,368,79,108 
271,397,756,976,689,340,609,566,135,105 
997,325,78,811,881,321,131,686,687,970 
611,386,925,939,494,268,987,316,673,599 
479,935,411,167,778,900,360,490,164,657 
537,763,770,970,396,899,848,752,159,534 
249,633,336,312,531,837,352,506,992,568 
407,541,158,496,129,850,808,229,405,491 
822,632,206,233,568,849,738,923,560,897 
872,632,468,112,878,746,474,284,329,951 
863,584,350,453,176,76,397,937,82,694 
341,940,876,525,186,226,994,758,539,472 
661,733,136,137,789,242,369,430,656,837 
458,712,301,295,299,803,113,439,923,105 
619,789,980,431,235,134,433,136,756,445 
308,388,411,579,589,789,71,98,869,350 
120,436,825,137,5,754,449,611,61,916 
655,557,231,501,749,826,173,775,96,816 
387,50,153,429,606,548,618,104,695,926 
302,600,158,827,992,429,44,294,621,625 
113,343,110,531,403,249,942,384,376,651 
146,966,883,25,30,54,314,262,508,117 
192,248,343,591,110,864,182,153,501,21 
116,194,391,276,435,20,555,326,233,581 
583,654,779,493,535,541,199,363,491,20 
102,376,79,326,677,640,597,623,52,560 
781,772,743,192,284,832,427,855,474,777 
115,501,285,605,464,442,91,324,695,240 
397,995,276,375,48,146,188,613,261,619 
528,215,431,455,29,537,220,31,265,694 
613,244,968,965,328,91,164,424,237,912 
363,866,21,246,634,452,990,297,703,595 
259,680,765,978,88,34,697,104,884,708 
737,782,535,204,803,767,906,45,451,900 
214,223,551,731,413,570,717,323,45,599 
860,559,539,267,383,933,588,609,566,585 
326,635,719,218,597,109,58,65,825,102 
906,794,421,19,422,209,34,354,376,26 
946,96,797,868,569,319,619,491,846,952 
145,48,95,41,311,984,242,379,183,222 
392,626,643,901,731,89,822,143,137,970 
663,3,609,512,511,326,633,161,796,384 
90,562,574,786,868,857,638,833,939,897 
271,690,91,54,780,450,263,278,217,232 
900,879,590,498,573,530,982,57,744,620 
238,722,789,405,912,625,671,663,615,300 
563,949,845,577,669,381,81,45,402,980 
436,795,217,676,994,333,82,668,13,985 
360,92,869,395,171,644,245,363,669,248 
127,155,535,66,151,672,820,12,4,354 
979,87,483,257,338,574,382,502,197,432 
850,851,782,414,830,552,327,226,15,659 
667,679,944,795,402,75,719,969,219,470 
955,52,812,397,961,143,44,752,126,753 
434,76,559,713,759,437,668,956,318,708 
475,333,931,233,0,919,529,245,98,250 
566,231,505,639,177,929,652,738,988,494 
695,579,716,930,785,697,541,6,843,524 
267,518,421,141,147,185,34,188,8,685 
548,158,521,420,171,217,527,431,270,533 
541,621,580,296,224,632,860,334,326,44 
328,452,346,980,152,359,925,460,851,286 
714,837,784,793,696,216,883,596,362,74 
564,412,650,280,745,132,73,40,803,628 
548,339,886,407,105,667,553,608,447,548 
286,441,659,882,228,287,655,56,111,557 
61,928,649,211,145,220,50,162,188,287 
923,479,637,88,81,18,145,508,44,834 
420,120,23,464,488,584,818,4,450,799 
635,551,812,155,387,126,676,180,732,383 
596,521,248,940,899,542,149,129,281,534 
525,723,55,714,602,599,141,451,167,21 
573,321,137,87,204,456,532,793,73,708 
450,207,382,186,670,957,348,602,247,295 
443,180,24,614,70,422,204,132,381,879 
743,932,556,315,751,25,617,292,153,753 
851,97,800,37,245,237,809,304,10,327 
618,161,235,706,280,719,404,600,920,913 
420,904,389,183,523,272,120,200,870,121 
190,104,485,446,451,750,534,656,700,624 
699,746,434,555,670,3,258,979,260,29 
578,538,535,569,62,185,982,509,64,145 
376,948,558,196,845,792,982,477,829,190 
92,273,281,653,612,632,599,101,130,564 
516,232,630,205,242,864,70,254,145,77 
356,360,546,529,583,280,270,474,349,887 
829,282,621,95,690,103,594,685,795,354 
428,432,911,118,185,508,408,791,473,522 
320,237,967,216,408,475,323,832,220,752 
164,8,426,402,3,454,969,249,763,942 
22,95,484,521,681,18,398,163,278,124 
579,594,128,592,797,710,720,136,935,673 
331,719,136,716,617,608,289,387,410,593 
160,438,531,616,37,597,606,289,658,600 
79,657,63,952,603,898,395,13,988,499 
815,397,519,218,380,6,782,481,605,8 
728,803,847,530,830,553,316,791,274,590 
239,189,192,19,74,170,366,775,268,299 
400,799,702,74,604,950,892,227,380,385 
129,43,329,242,922,886,524,662,101,787 
873,741,699,406,421,38,368,683,30,261 
260,234,609,986,233,491,981,934,541,150 
551,924,378,831,664,66,472,837,145,587 
556,6,551,75,273,801,80,550,77,495 
557,149,983,750,362,534,324,612,816,511 
273,356,780,918,379,768,217,504,234,900 
392,780,340,426,136,419,942,776,288,303 
396,506,144,421,962,260,456,344,707,697 
520,347,790,401,167,499,738,338,696,463 
142,838,550,357,490,877,352,410,924,423 
895,285,187,880,476,976,240,720,662,652 
426,334,922,393,784,352,523,615,945,858 
201,916,879,137,902,457,986,90,467,955 
9,635,865,924,860,222,147,395,645,734 
905,542,708,263,608,427,585,55,613,542 
581,122,136,665,473,478,789,246,328,981 
13,618,201,912,763,359,588,902,691,305 
53,97,893,234,630,281,847,501,143,55 
456,267,577,176,209,245,689,580,14,598 
504,458,714,44,550,98,977,164,670,790 
542,15,237,494,701,508,268,639,371,795 
110,487,409,644,35,151,472,434,322,733 
670,951,373,285,598,116,70,108,998,797 
592,833,426,272,136,872,870,848,642,4 
344,250,680,329,492,483,437,59,153,20 
536,702,944,779,924,883,429,863,364,347 
902,439,52,43,217,288,530,381,43,834 
628,383,362,669,827,89,323,589,660,712 
176,719,288,219,473,479,817,238,691,872 
157,651,775,447,799,633,41,668,840,574 
176,901,589,353,157,249,170,221,533,382 
860,299,305,152,828,943,381,935,336,404 
525,267,19,31,274,775,861,253,28,471 
397,946,234,351,866,287,886,169,185,895 
420,811,785,678,312,571,962,430,678,951 
684,288,397,13,108,948,725,660,689,741 
776,70,125,963,213,370,223,222,511,130 
757,275,332,854,38,391,249,586,734,990 
75,147,43,902,376,89,804,917,68,874 
817,315,704,604,341,134,244,252,24,296 
69,431,177,279,650,147,937,33,224,764 
498,121,14,887,855,498,251,924,653,167 
794,165,903,61,408,821,31,286,676,791 
144,219,101,404,673,109,482,480,612,344 
322,506,92,28,827,854,340,345,192,697 
461,462,860,864,704,550,491,54,537,464 
584,8,724,802,833,742,681,761,431,536 
947,608,857,994,847,770,952,182,832,725 
860,85,143,86,654,625,191,874,759,450 
655,448,373,811,768,481,294,472,870,305 
149,271,876,285,962,48,112,544,310,113 
389,596,108,987,727,938,106,843,778,414 
999,285,971,186,639,444,360,260,545,831 
443,535,593,184,857,731,378,166,801,434 
171,461,537,225,234,287,898,494,975,225 
43,884,887,476,851,497,529,951,136,864 
60,190,380,759,191,113,903,207,163,443 
568,811,819,228,221,600,972,6,427,880 
279,737,735,10,371,171,186,41,719,943 
483,439,589,121,238,199,362,844,898,492 
970,816,297,97,641,987,656,653,188,539 
110,338,134,461,402,475,471,597,149,264 
886,682,294,935,990,869,68,809,119,622 
518,806,940,851,214,517,978,998,381,716 
560,418,0,689,801,786,351,91,430,990 
710,840,681,51,277,563,13,957,490,945 
609,51,926,265,283,40,685,934,257,81 
207,386,314,920,716,480,604,492,708,470 
414,19,515,269,21,13,988,47,349,262 
405,636,333,719,944,233,773,681,561,310 
371,768,515,673,0,8,70,604,826,823 
275,688,258,751,872,101,934,94,422,551 
625,571,743,934,710,334,174,802,100,165 
919,545,43,615,413,159,861,607,234,777 
127,223,257,214,822,414,743,354,383,96 
568,800,975,384,510,987,969,468,308,873 
142,893,57,13,902,146,785,135,700,616 
981,130,640,224,137,530,751,589,102,96 
341,312,630,172,2,538,213,598,33,925 
152,825,149,671,885,748,671,253,794,805 
59,552,705,316,289,422,9,266,71,599 
96,645,723,338,748,585,157,436,345,748 
195,365,60,917,791,495,751,698,827,931 
629,422,5,578,61,427,269,124,171,369 
611,449,929,675,461,306,502,162,222,275 
789,192,563,87,46,691,823,392,177,925 
134,66,166,420,998,330,2,962,569,272 
420,547,551,494,278,662,609,372,503,227 
8,930,629,432,52,649,56,911,200,726 
641,615,475,308,761,605,890,965,574,726 
704,140,904,52,847,306,402,180,816,748 
476,848,295,261,645,573,914,709,326,227 
640,142,250,996,382,6,905,275,68,646 
404,475,383,318,131,265,679,978,89,871 
497,510,481,997,159,305,506,990,458,881 
94,260,858,675,112,249,748,356,236,756 
498,369,456,436,329,408,840,84,236,730 
368,691,61,893,810,503,68,769,535,925 
784,455,674,399,202,505,608,594,585,938 
476,459,607,115,975,174,907,599,268,827 
760,140,978,606,251,423,842,840,73,474 
992,711,879,372,127,903,19,285,813,971 
432,604,198,460,719,560,148,437,736,831 
683,873,640,278,555,177,373,470,463,494 
884,151,522,119,787,828,121,432,827,290 
603,615,589,694,165,612,982,131,259,292 
757,68,665,354,465,436,223,747,95,831 
195,860,808,261,464,322,618,827,380,286 
453,853,671,915,166,420,255,997,784,88 
504,656,805,2,249,114,653,185,139,854 
446,71,194,294,857,503,334,100,85,205 
739,309,333,785,683,107,300,226,790,445 
889,171,648,349,173,789,929,357,577,633 
906,767,365,656,202,664,499,825,872,601 
194,62,379,562,375,859,838,618,629,851 
455,327,429,233,750,542,217,809,755,864 
738,577,296,570,409,863,573,623,219,424 
443,236,749,369,72,951,495,38,665,349 
965,485,902,7,80,254,734,496,580,345 
596,430,946,740,25,394,174,176,697,29 
299,815,522,353,817,820,198,42,313,878 
178,911,583,674,246,41,558,565,565,223 
298,643,959,746,47,799,594,284,999,807 
304,632,600,858,481,526,155,17,184,358 
649,400,267,326,784,456,725,265,779,66 
318,606,704,401,618,450,755,12,886,667 
800,768,110,771,742,486,52,613,343,206 
308,271,867,55,203,731,228,817,757,284 
44,873,269,986,602,833,983,905,36,234 
73,868,590,190,57,762,209,326,144,315 
935,877,676,849,739,464,507,925,669,858 
187,252,235,71,526,494,499,45,43,748 
597,171,392,891,421,423,819,881,805,215 
336,979,218,435,405,656,565,77,865,246 
882,639,98,415,157,264,974,23,40,266 
866,333,161,971,406,932,608,317,273,861 
807,532,489,490,786,980,850,89,925,485 
296,179,325,596,568,824,662,47,648,185 
84,172,735,538,270,230,959,106,28,182 
343,984,97,794,397,340,859,444,977,311 
575,826,836,839,58,69,767,515,787,448 
648,144,932,463,263,350,967,801,560,386 
972,980,873,160,832,940,954,964,946,607 
964,205,272,960,122,343,534,750,172,980 
566,952,779,255,307,895,359,740,735,840 
339,215,37,660,866,183,793,822,75,151 
531,57,768,505,498,931,365,359,261,410 
419,928,860,66,500,579,318,208,184,402 
604,893,726,686,90,562,175,923,614,741 
893,993,945,734,217,822,122,56,825,723 
418,791,152,449,266,826,479,679,752,861 
145,172,329,935,653,691,272,658,964,48 
948,476,418,925,488,121,114,97,252,139 
26,222,401,359,94,125,274,917,456,520 
774,556,157,76,802,783,162,633,426,632 
733,544,376,960,360,240,381,560,65,820 
317,719,637,108,840,696,538,831,634,6 
948,242,123,135,647,16,242,659,683,765 
157,624,598,392,316,724,579,629,740,613 
120,805,47,96,869,595,608,988,520,187 
844,938,670,216,308,644,844,362,503,111 
347,787,317,334,890,69,214,300,173,922 
608,670,444,895,744,682,950,485,191,504 
356,5,910,84,746,264,189,341,624,544 
268,438,143,71,525,678,366,978,72,621 
28,705,662,781,392,405,34,242,229,327 
521,880,865,137,818,313,988,923,593,111 
630,549,309,196,593,92,769,99,30,475 
40,18,875,990,449,735,666,678,970,644 
477,52,329,384,773,156,798,4,961,240 
228,70,324,469,398,717,439,598,630,251 
622,172,569,408,927,342,582,128,580,539 
157,19,50,545,980,940,162,248,837,89 
172,121,91,790,820,261,51,246,29,467 
344,512,961,665,270,946,618,749,888,316 
707,881,733,507,728,346,533,776,37,299 
866,197,642,635,98,499,195,135,800,979 
117,517,786,639,956,470,533,460,514,31 
924,551,931,373,984,337,228,818,33,704 
881,608,731,3,893,49,820,657,692,225 
297,999,733,904,888,196,339,216,297,243 
251,975,613,573,927,945,41,376,225,382 
508,39,212,131,467,447,139,48,21,268 
693,693,538,542,96,362,496,115,786,689 
589,730,655,194,968,921,709,643,675,260 
163,930,321,379,888,137,309,862,479,748 
539,344,528,841,159,917,898,885,835,504 
877,903,759,246,780,299,697,297,239,598 
484,218,983,417,572,310,474,436,607,908 
478,888,719,328,466,120,373,455,992,565 
375,7,903,309,690,522,701,968,763,808 
874,846,750,949,111,104,738,278,541,386 
924,11,331,65,96,210,487,663,622,952 
789,704,168,932,997,327,786,690,935,506 
554,449,354,88,463,850,546,803,894,29 
431,757,48,785,58,307,967,296,339,680 
359,773,125,528,409,283,107,786,459,643 
916,424,115,289,82,638,714,516,25,421 
997,272,66,435,135,186,303,521,35,31 
161,601,764,513,725,305,839,688,109,856 
384,32,746,92,42,716,719,862,83,16 
114,979,395,971,651,279,701,241,903,752 
365,771,318,540,770,329,72,432,877,806 
766,775,95,118,461,411,330,151,133,259 
814,496,375,864,987,570,590,461,806,42 
189,844,228,304,630,879,731,400,866,841 
616,819,196,834,915,256,343,680,351,524 
592,625,142,787,639,154,266,249,991,674 
549,842,653,728,962,922,813,933,516,835 
847,976,716,97,921,621,952,107,342,656 
671,816,796,516,137,234,819,43,227,532 
929,808,240,652,571,9,251,53,782,602 
370,61,372,680,268,13,858,588,10,962 
5,519,283,62,908,544,562,932,777,415 
587,575,706,157,523,933,116,170,548,925 
703,243,655,66,820,766,100,763,186,51 
853,849,576,81,274,364,429,273,141,418 
844,635,221,621,156,84,696,800,891,545 
136,254,602,754,377,535,771,382,641,903 
375,574,165,701,76,609,613,181,67,484 
902,842,512,291,78,28,11,513,588,377 
548,384,460,668,83,877,226,255,589,875