339,508,674,481,989,793,445,590,84,909 
454,738,61,771,894,27,653,631,590,712 
467,76,541,862,345,268,809,965,880,911 
654,274,427,523,124,377,644,675,954,870 
691,208,9,464,821,249,468,259,497,856 
619,313,246,83,247,565,216,483,752,123 
937,637,354,335,172,723,365,289,292,142 
452,785,756,497,173,604,840,973,111,299 
744,877,986,813,788,133,632,609,107,828 
538,482,550,875,189,166,137,577,355,581 
50,716,837,163,210,342,350,217,656,458 
875,767,773,225,607,254,490,814,995,293 
485,858,354,643,43,116,435,139,23,481 
16,649,896,620,587,623,377,650,248,540 
994,780,389,834,108,338,69,338,202,585 
932,774,147,344,406,723,995,301,857,561 
985,783,672,145,716,567,865,978,518,744 
702,855,307,952,919,497,842,770,713,412 
650,170,280,600,600,588,448,31,548,905 
681,773,452,231,625,1,784,571,275,831 
917,734,213,616,349,521,591,255,947,863 
455,680,516,990,538,527,369,472,893,721 
945,868,922,635,204,132,453,470,434,804 
62,20,449,54,721,154,501,700,97,265 
930,451,435,354,14,272,838,510,633,778 
601,327,494,19,877,863,651,548,817,131 
348,828,837,419,695,661,982,121,768,476 
503,619,140,915,129,982,546,612,113,201 
325,588,591,612,63,985,464,756,680,66 
393,988,444,714,460,832,882,104,15,985 
928,197,207,208,4,275,452,57,78,695 
918,270,209,955,557,820,48,603,542,254 
277,721,249,941,84,511,559,249,615,945 
489,958,75,436,796,69,511,735,569,38 
188,684,217,815,232,11,885,28,821,108 
11,371,487,630,892,810,474,265,331,471 
841,365,192,756,779,493,834,958,736,923 
452,840,74,960,358,313,807,336,836,238 
890,584,555,77,913,118,392,919,145,740 
147,233,957,647,904,720,110,362,726,350 
316,58,32,261,403,230,306,303,897,14 
174,456,115,380,971,512,263,371,887,585 
508,563,331,569,390,69,469,4,38,345 
795,82,206,98,867,808,706,43,936,958 
554,409,654,276,172,244,862,874,374,834 
581,626,209,610,856,732,785,266,690,22 
177,878,333,118,35,990,391,414,517,210 
772,450,799,628,729,512,961,426,497,453 
218,719,944,912,707,341,148,70,850,538 
652,769,314,892,737,141,95,145,577,257 
559,799,26,438,356,133,291,151,78,692 
326,5,518,774,810,94,622,377,414,626 
268,800,695,993,628,159,498,388,389,896 
997,583,628,519,359,359,84,718,392,126 
232,462,147,736,335,3,273,672,350,138 
527,877,571,65,927,307,653,164,820,303 
153,408,174,402,360,541,366,241,156,181 
948,879,665,507,204,496,792,345,950,491 
974,259,37,130,612,570,335,81,728,142 
371,729,840,867,402,952,22,254,547,263 
335,780,714,688,526,671,763,361,958,718 
104,321,284,776,443,358,923,77,845,937 
385,577,436,927,574,134,139,852,860,45 
947,902,2,720,175,539,539,495,582,664 
388,605,186,936,67,142,877,45,803,295 
507,774,467,290,962,772,662,725,934,498 
573,238,737,706,633,373,15,6,437,382 
360,345,119,9,471,395,935,952,655,522 
648,244,398,636,516,388,361,894,45,604 
574,863,869,894,305,470,670,943,614,676 
582,800,973,744,267,367,244,694,484,210 
806,211,415,904,1,879,607,276,742,583 
94,255,1,877,872,464,399,935,800,450 
704,633,595,378,938,672,186,764,653,925 
334,545,949,753,972,463,538,59,808,653 
59,827,181,209,265,338,66,312,128,584 
313,802,8,794,41,439,874,390,723,50 
413,572,561,128,393,763,882,733,539,124 
555,684,294,47,232,856,139,465,799,443 
847,263,341,370,915,345,706,492,385,326 
536,326,946,415,601,84,860,347,726,37 
665,551,940,804,899,191,464,814,531,206 
211,93,832,654,961,472,893,580,188,988 
940,179,53,788,654,179,842,896,212,62 
371,749,64,207,103,753,860,775,180,481 
788,549,539,825,208,225,865,943,657,646 
473,444,869,530,615,360,230,899,153,825 
556,183,446,647,379,752,56,136,743,338 
493,195,516,2,25,843,938,517,184,970 
661,579,535,239,370,478,482,805,270,850 
632,154,945,995,690,41,895,510,259,260 
807,901,650,817,277,306,618,864,258,822 
842,22,219,367,512,313,271,844,737,33 
449,975,708,447,926,734,860,949,384,781 
164,209,585,131,749,39,164,607,626,443 
820,744,877,32,664,182,962,359,502,584 
409,767,13,731,457,805,215,563,936,104 
146,793,919,140,592,513,938,458,956,815 
749,920,685,502,450,26,840,348,640,92 
285,934,725,466,876,635,563,607,632,911 
161,310,177,207,448,513,256,467,726,507 
331,413,536,820,320,765,151,257,102,886 
461,781,423,361,458,912,282,580,207,313 
510,654,515,563,808,681,931,490,517,341 
108,793,123,509,397,810,97,576,968,1 
944,623,127,501,849,190,827,387,949,944 
239,808,492,899,779,699,717,573,605,38 
700,482,817,703,289,291,401,879,205,461 
784,870,952,755,145,240,94,200,605,936 
240,29,176,40,846,619,29,634,994,174 
128,422,407,295,33,473,625,420,441,14 
999,29,740,371,43,806,54,547,306,324 
187,51,774,982,815,76,888,826,372,188 
291,840,513,768,749,79,919,58,663,826 
359,747,363,7,335,630,380,796,52,969 
81,190,402,248,940,103,918,416,567,763 
116,260,438,312,268,776,655,335,512,768 
254,747,513,259,381,405,990,834,33,161 
982,575,656,409,637,723,430,292,755,56 
326,475,122,720,69,272,806,728,571,75 
895,37,459,810,289,289,794,636,533,418 
852,362,744,728,505,250,817,136,919,762 
112,753,777,798,106,514,973,102,9,615 
308,838,80,798,234,875,301,610,877,847 
367,516,682,522,350,0,659,109,289,179 
236,59,179,519,133,375,255,736,26,460 
123,350,326,309,305,992,423,650,759,417 
162,715,456,82,15,588,932,524,655,773 
802,384,562,245,646,892,317,451,150,852 
208,176,558,59,942,340,603,781,733,523 
301,467,470,404,285,105,750,822,158,183 
443,136,208,602,466,731,47,927,429,389 
458,707,82,853,391,346,438,94,44,690 
298,987,697,835,779,333,746,733,629,620 
840,654,698,583,198,671,451,33,368,1 
129,155,936,281,62,840,467,846,981,672 
72,723,584,996,537,181,527,3,538,186 
542,552,894,636,192,953,768,913,152,667 
311,112,598,687,979,458,558,675,964,547 
316,614,843,292,707,388,863,878,630,146 
313,180,630,39,716,61,529,808,67,717 
156,774,879,528,895,829,0,610,439,83 
576,149,337,235,799,256,857,990,953,937 
986,174,868,543,664,406,94,70,634,520 
211,599,84,236,683,324,248,450,114,357 
724,797,18,954,263,548,187,109,540,30 
346,970,713,194,431,47,994,752,72,202 
310,551,947,747,276,67,809,584,390,930 
726,623,178,332,221,915,962,661,561,101 
818,129,310,782,503,842,757,615,702,913 
334,542,794,7,528,405,855,342,148,128 
396,321,536,515,790,188,975,398,22,593 
589,110,653,513,912,753,62,220,563,917 
457,293,964,117,80,404,541,273,291,809 
904,369,886,226,259,559,498,169,651,94 
960,205,556,314,81,948,582,93,276,642 
468,923,743,672,782,156,654,819,431,803 
978,344,313,231,248,282,603,213,274,495 
620,176,347,965,986,95,428,236,571,9 
556,960,573,151,612,294,409,581,232,536 
497,623,81,615,658,493,631,316,901,522 
580,907,112,967,260,940,378,799,224,199 
147,726,210,180,657,867,283,340,551,495 
848,439,824,745,691,411,801,607,382,981 
813,811,226,24,754,423,293,631,528,79 
362,168,858,266,355,48,493,92,209,509 
485,3,188,731,983,900,598,230,225,106 
185,473,742,970,81,305,502,797,308,970 
849,507,174,659,708,304,674,760,948,158 
282,100,479,448,31,273,835,13,964,318 
670,793,477,796,396,164,365,548,423,277 
797,512,513,943,40,805,517,901,299,66 
499,357,322,207,634,47,757,949,583,97 
322,422,692,400,964,97,877,757,898,740 
107,569,162,150,763,238,755,16,841,548 
130,239,717,149,836,938,312,166,155,722 
280,450,884,810,975,436,77,916,426,545 
123,470,109,535,441,71,348,46,949,170 
964,562,164,574,151,922,878,975,935,648 
44,541,50,765,702,30,699,680,161,379 
321,451,549,564,897,987,765,73,303,666 
496,502,914,794,20,273,493,144,410,707 
953,714,964,393,56,830,315,447,420,225 
262,592,54,641,668,988,835,480,26,342 
489,941,984,840,847,152,830,157,306,530 
589,283,412,871,512,44,374,713,80,575 
598,570,758,880,244,446,124,800,791,922 
453,18,845,197,939,844,399,385,327,590 
154,198,34,50,170,500,90,159,777,970 
633,380,749,560,472,742,440,301,768,542 
713,470,49,450,160,572,979,822,518,672 
122,455,770,70,719,164,713,748,128,753 
365,797,666,481,246,670,925,71,758,499 
78,921,309,943,114,410,965,695,389,131 
208,722,171,413,974,256,14,637,379,803 
838,492,461,910,798,914,867,896,299,375 
704,357,992,870,47,234,92,414,945,162 
141,461,290,786,446,91,393,342,484,553 
126,310,254,861,246,496,283,563,929,531 
909,385,733,85,411,71,427,234,572,945 
711,649,399,642,646,885,960,967,584,125 
301,557,116,680,878,879,523,769,859,329 
700,354,247,674,495,896,282,97,997,995 
189,136,36,128,54,29,321,485,404,938 
246,961,644,491,379,549,961,392,704,531 
923,430,393,897,846,878,714,994,587,665 
754,58,460,166,84,123,576,482,511,449 
510,371,136,494,783,385,350,666,84,561 
339,995,662,448,850,533,997,296,59,855 
856,794,748,234,387,784,410,958,295,861 
645,426,11,756,185,360,784,642,240,979 
450,513,261,558,506,737,292,746,944,565 
150,507,294,496,856,392,536,826,186,509 
8,587,525,934,909,618,206,619,964,690 
479,155,991,306,125,286,129,991,332,299 
636,521,638,226,841,831,810,287,582,207 
433,891,254,534,693,473,483,448,562,458 
614,669,438,766,431,409,661,312,72,470 
636,756,707,855,943,287,132,803,207,915 
682,340,531,542,135,236,663,854,870,644 
18,627,596,392,121,328,751,617,969,472 
83,728,698,9,803,132,6,8,645,905 
961,393,614,837,683,864,229,712,384,857 
580,711,257,544,896,229,844,766,129,359 
246,130,309,18,768,879,944,652,751,615 
494,499,445,228,96,454,662,582,461,126 
53,631,176,128,580,679,183,34,283,604 
476,447,127,617,108,537,548,242,988,450 
397,705,476,687,368,305,868,986,263,181 
474,850,128,603,158,521,919,418,565,874 
105,245,489,380,529,323,218,288,336,228 
925,723,709,107,594,472,444,555,708,685 
635,455,898,816,79,713,42,151,381,390 
269,265,268,501,310,171,696,914,148,499 
530,196,310,922,922,455,886,354,55,566 
950,517,909,929,63,925,845,102,153,13 
114,95,13,163,359,913,702,240,855,468 
221,654,396,875,404,925,313,882,954,633 
43,247,605,876,170,255,486,979,565,542 
854,704,51,873,991,340,790,556,61,478 
26,419,891,725,436,479,585,38,909,176 
115,674,854,1,766,670,725,716,467,904 
789,715,254,36,156,184,208,745,445,642 
831,922,382,605,952,132,317,860,411,449 
563,997,69,991,698,849,971,993,251,718 
434,911,648,315,643,580,184,632,131,76 
584,312,929,168,167,772,545,976,210,101 
526,443,854,101,52,654,341,762,610,911 
759,376,294,4,993,634,299,557,667,301 
390,51,388,921,222,115,520,349,186,923 
889,518,396,760,371,843,771,338,281,240 
582,204,510,445,660,308,726,491,945,707 
523,778,739,529,459,114,427,272,806,52 
342,315,981,667,499,388,990,637,863,863 
316,48,236,870,27,411,232,745,618,490 
594,97,585,381,15,794,434,742,354,443 
844,677,451,107,874,722,142,130,178,461 
260,681,609,765,327,567,595,796,550,65 
977,428,569,212,659,752,470,474,733,921 
929,919,295,324,251,199,891,20,33,255 
299,17,430,140,323,572,659,427,802,637 
426,214,918,804,666,904,957,625,388,486 
64,584,260,241,354,804,843,252,174,863 
137,750,238,3,344,757,472,256,876,624 
379,643,319,62,719,63,217,936,291,418 
28,856,648,575,365,685,658,371,542,420 
958,846,513,828,967,96,95,150,83,510 
751,184,570,456,946,708,127,120,162,265 
359,464,611,166,855,776,18,910,218,147 
106,341,319,438,613,277,713,868,56,453 
528,41,271,863,261,793,111,196,106,323 
26,263,144,903,925,443,794,841,350,633 
143,418,977,850,725,378,506,765,624,476 
628,973,707,437,224,194,37,906,826,875 
188,813,789,861,632,555,862,43,309,6 
349,458,796,26,624,263,52,798,147,991 
778,161,306,682,263,679,879,493,792,158 
430,395,961,33,773,512,763,520,801,858 
53,98,292,436,462,280,363,320,944,55 
284,680,512,122,148,16,898,106,750,436 
18,875,464,770,813,572,320,196,358,458 
108,396,900,97,118,140,265,505,326,745 
989,505,113,995,944,834,32,684,711,554 
395,426,806,708,948,659,700,801,233,652 
204,485,417,654,680,608,463,349,704,23 
452,894,407,582,623,981,902,909,912,248 
642,964,66,68,265,924,894,178,746,972 
364,125,130,804,205,394,427,810,564,68 
223,215,442,836,442,716,521,314,941,374 
320,74,887,84,685,469,214,865,986,419 
643,338,862,458,644,605,387,518,179,675 
167,45,211,821,972,518,506,63,203,597 
250,523,710,581,282,940,914,611,778,21 
251,250,644,22,609,465,205,154,497,117 
178,440,686,380,328,964,406,311,492,258 
233,267,153,126,732,269,383,538,308,655 
368,229,734,940,55,397,36,699,658,937 
297,579,622,101,341,172,265,610,108,109 
186,697,232,632,628,884,183,462,330,602 
384,88,917,837,919,891,865,730,56,399 
294,44,328,957,113,629,782,370,186,258 
673,572,393,241,683,927,434,394,659,61 
519,671,73,792,981,449,154,909,38,41 
147,231,949,184,426,29,529,156,951,9 
489,367,706,94,269,981,615,805,53,714 
748,308,131,61,619,732,427,365,122,277 
475,415,384,856,749,313,282,465,257,302 
819,838,759,910,739,281,363,898,326,838 
81,753,413,273,928,65,146,559,955,525 
428,71,346,167,75,950,103,587,277,251 
476,512,15,501,298,468,527,23,53,522 
510,101,851,827,27,807,27,958,739,951 
130,685,4,119,504,46,64,92,362,866 
408,113,0,958,446,346,782,395,900,438 
272,788,714,183,951,163,706,402,120,233 
192,461,484,801,446,122,802,7,812,711 
543,202,76,734,152,154,876,440,543,72 
276,169,401,882,975,920,56,639,662,822 
316,893,560,448,780,700,286,898,538,486 
906,594,541,694,632,486,672,963,133,28 
695,391,388,844,906,752,832,91,474,514 
27,447,897,198,140,874,758,92,967,389 
581,304,351,810,701,148,527,614,731,370 
46,969,829,84,80,435,809,802,289,661 
2,935,156,985,236,825,858,184,223,491 
518,710,448,601,989,491,230,758,220,808 
311,181,121,436,835,251,955,939,128,941 
750,274,196,612,886,489,442,417,901,581 
187,910,279,441,517,515,538,376,210,882 
540,706,759,840,957,945,469,416,995,310 
677,877,123,293,491,787,917,258,341,147 
505,262,781,874,326,674,802,732,626,926 
909,722,955,255,471,45,979,179,888,22 
834,554,962,5,381,747,204,793,965,232 
906,426,75,351,986,953,599,941,553,48 
735,729,244,507,356,283,403,507,681,967 
207,939,957,418,901,305,103,760,618,203 
985,567,422,442,557,899,181,168,373,607 
72,578,287,997,339,769,828,66,111,947 
74,881,615,737,199,466,936,477,958,407 
658,851,702,163,979,104,622,535,163,963 
845,842,762,638,901,893,133,872,856,984 
863,491,154,860,580,702,518,238,321,30 
389,837,407,574,432,24,591,143,919,415 
519,693,243,252,570,489,981,301,86,812 
346,570,575,247,661,645,425,20,308,379 
395,608,368,573,990,407,747,867,644,980 
206,286,638,44,922,248,438,470,132,483 
635,873,854,658,691,730,720,232,355,464 
566,427,433,382,115,548,818,796,731,799 
496,170,902,857,19,307,472,370,185,225 
301,705,96,187,682,934,311,80,774,896 
973,142,376,356,553,572,346,390,848,320 
483,63,574,78,99,220,459,589,263,247 
943,263,404,692,320,150,240,449,431,470 
588,482,883,442,237,529,366,30,506,311 
852,191,920,857,225,890,769,522,410,72 
252,961,435,436,326,711,688,629,573,663 
24,951,596,666,211,104,891,166,100,714 
102,490,233,692,358,97,63,749,829,808 
635,470,283,950,155,682,397,703,667,678 
389,924,820,87,436,779,662,372,516,359 
118,753,379,116,731,204,449,609,939,160 
418,458,266,676,695,120,34,880,255,696 
6,795,243,61,216,307,416,258,811,978 
781,352,666,937,627,920,263,284,421,742 
656,641,373,627,284,551,510,37,956,599 
472,853,28,345,477,820,192,998,106,3 
859,317,266,838,603,565,836,203,241,454 
277,581,948,644,448,104,565,169,658,328 
821,381,730,163,786,172,117,367,873,253 
880,713,93,347,790,995,605,530,90,985 
436,759,286,929,794,356,681,460,944,295 
456,325,153,566,203,165,795,313,480,513 
509,651,29,137,995,614,710,605,172,715 
599,422,325,491,76,70,230,29,964,973 
441,12,883,1,852,636,934,857,388,314 
682,638,177,821,125,590,865,180,470,311 
396,676,433,53,271,270,498,368,964,940 
939,781,782,46,217,302,138,662,184,393 
593,411,902,770,586,22,93,742,644,559 
530,437,129,586,171,19,246,892,918,811 
88,580,228,816,328,536,300,786,399,877 
555,25,332,682,562,409,610,634,800,19 
935,204,438,587,727,401,481,459,336,233 
914,396,933,74,618,379,598,982,633,648 
231,439,845,671,916,330,952,160,702,374 
898,225,647,119,981,870,674,515,48,530 
774,32,707,397,617,472,233,778,833,867 
988,644,918,968,194,820,563,599,964,810 
899,61,480,893,424,196,188,256,246,14 
475,196,831,975,645,484,23,981,262,265 
752,749,952,58,216,538,676,439,501,948 
444,626,307,579,740,379,341,151,55,143 
351,278,654,748,460,0,875,68,715,171 
532,387,700,262,299,374,929,188,609,794 
400,375,930,934,940,517,52,455,98,828 
826,62,762,478,646,47,324,449,562,905 
457,550,71,229,284,299,519,589,621,271 
164,274,493,938,212,665,393,111,100,588 
533,638,481,113,113,674,429,489,1,660 
399,415,310,938,979,586,218,456,353,465 
400,97,714,603,626,730,196,192,277,275 
718,71,863,187,407,196,409,319,170,341 
623,350,67,66,868,956,45,159,482,705 
964,896,263,654,5,224,227,867,718,133 
374,479,800,835,262,677,409,259,590,488 
590,920,283,979,725,535,840,96,744,144 
705,874,982,501,212,608,123,142,435,345 
376,150,494,703,549,173,566,98,195,699 
141,930,678,966,928,951,120,704,766,720 
209,137,362,759,17,924,756,462,408,224 
335,88,700,893,51,350,266,33,602,244 
777,71,688,304,391,266,35,566,503,963 
426,299,874,677,42,452,402,481,12,617 
382,723,522,564,951,112,520,544,962,275 
15,816,422,418,364,310,37,593,880,804 
183,987,280,858,633,273,173,428,869,449 
590,847,123,907,945,369,309,506,609,266 
561,910,944,411,983,338,678,937,362,15 
290,933,36,60,61,323,129,8,630,373 
981,702,95,196,98,388,911,659,922,88 
137,983,395,782,314,527,424,587,792,428 
972,279,237,284,433,939,691,242,263,575 
346,466,864,350,108,459,39,489,17,85 
521,292,46,476,117,809,977,177,725,959 
263,75,94,334,855,95,299,954,655,169 
373,834,500,774,736,12,607,808,287,551 
874,821,24,836,579,100,17,433,351,804 
281,307,128,843,676,456,753,288,823,663 
398,151,985,20,768,94,338,388,758,640 
629,161,367,549,161,546,356,539,654,107 
35,214,442,348,909,240,595,512,713,13 
54,916,114,21,287,962,395,190,922,50 
427,326,333,140,932,546,800,716,805,758 
933,634,903,698,722,845,628,949,22,299 
27,840,759,999,337,697,577,240,673,555 
427,538,548,726,12,396,68,321,483,837 
834,384,676,835,719,579,326,178,320,246 
665,549,506,478,797,427,501,527,581,929 
357,495,762,441,196,661,453,476,3,44 
404,561,919,942,654,778,704,663,937,399 
260,119,576,361,499,259,107,517,11,793 
838,66,676,742,140,945,174,607,988,809 
462,896,969,340,728,627,919,922,310,280 
353,264,350,637,368,716,217,915,694,967 
936,582,777,991,330,222,458,504,544,70 
885,823,825,201,787,995,921,764,779,352 
84,763,664,865,905,964,348,353,185,2 
986,695,143,623,880,692,489,394,987,137 
948,712,221,105,335,66,137,905,318,211 
431,344,262,757,707,775,256,975,528,30 
479,148,10,311,587,82,409,99,976,574 
441,272,128,201,183,852,221,873,678,481 
355,271,54,133,98,544,174,436,465,762 
329,604,845,5,244,741,522,563,271,147 
545,309,826,154,47,644,95,4,342,673 
517,321,204,905,325,132,153,33,285,942 
431,850,81,986,378,376,922,908,150,941 
575,718,352,381,264,729,37,869,577,612 
454,621,947,228,885,687,870,121,393,644 
179,184,118,594,7,74,544,643,433,248 
781,884,852,529,122,784,775,587,374,929 
778,953,467,83,876,215,746,5,551,55 
942,964,757,150,585,942,100,153,587,416 
708,182,258,253,554,384,899,115,621,242 
757,395,741,223,382,117,59,596,712,342 
92,499,523,495,999,485,486,787,494,578 
232,900,161,944,833,963,813,358,798,882 
476,124,280,640,846,105,574,528,718,433 
585,766,71,561,389,568,437,767,552,860 
968,379,403,612,154,140,781,546,290,232 
343,90,121,92,650,795,626,964,164,113 
319,880,434,138,86,860,224,466,290,834 
11,334,454,333,599,914,188,61,756,287 
228,978,803,341,776,174,847,512,172,332 
39,354,803,703,960,285,100,113,958,499 
571,113,995,372,820,23,993,83,803,615 
177,125,191,551,814,399,429,671,91,588 
456,204,241,24,438,9,829,899,429,579 
310,437,389,631,764,514,111,355,124,555 
603,670,712,305,712,388,299,198,627,585 
834,146,186,377,422,231,651,370,294,993 
862,776,650,501,33,763,386,477,658,174 
964,870,591,822,501,86,729,21,623,781 
911,482,176,927,391,255,35,370,607,631 
592,19,58,217,838,63,510,694,177,81 
354,123,343,151,444,467,60,553,424,173 
853,696,245,741,841,598,130,513,980,583 
942,466,749,771,901,669,671,656,790,341 
893,704,553,111,382,468,630,298,985,837 
9,441,794,138,257,222,985,115,288,476 
996,241,652,97,699,87,148,70,713,825 
271,397,90,56,917,566,192,952,409,46 
688,974,502,452,889,376,775,105,972,51 
139,404,863,219,901,511,980,323,65,969 
207,409,715,353,828,61,993,403,270,926 
905,874,877,697,357,555,79,631,2,954 
463,321,297,308,474,443,868,728,214,850 
442,394,669,819,118,12,951,746,906,139 
687,259,241,796,68,985,993,690,47,49 
919,142,932,290,133,993,697,691,815,576 
459,704,347,60,208,59,934,92,360,211 
211,138,397,20,694,440,193,835,311,141 
14,267,210,311,504,921,43,550,943,904 
648,563,529,474,254,484,876,332,917,141 
97,765,560,339,92,891,964,952,0,506 
762,471,455,825,599,91,511,194,264,136 
417,46,299,853,114,875,929,837,396,436 
168,713,895,491,645,547,897,173,630,442 
381,42,270,821,295,519,585,549,13,330 
695,275,994,705,902,803,348,328,375,76 
629,813,259,757,422,522,247,310,535,966 
154,72,196,848,543,778,506,905,942,305 
103,332,332,19,558,13,883,840,530,812 
317,445,410,973,498,254,803,669,209,360 
51,50,706,824,193,903,530,571,179,91 
32,867,167,933,484,171,787,190,103,440 
696,371,494,195,72,806,928,175,728,720 
407,179,593,597,531,613,553,739,729,652 
62,32,115,552,474,40,818,16,626,576 
910,783,649,770,150,812,746,269,578,884 
731,432,517,654,212,467,857,651,286,281 
947,656,272,62,773,346,589,625,82,981 
874,879,940,225,483,108,689,729,237,614 
628,969,326,16,720,787,25,559,927,182 
853,277,897,941,709,919,904,231,346,781 
712,175,261,38,188,98,857,630,748,745 
436,981,234,106,502,676,387,39,219,639 
979,571,155,130,497,716,56,129,202,386 
199,328,353,730,471,403,124,959,287,507 
265,862,420,654,328,764,616,345,818,550 
294,749,591,876,570,12,118,132,78,414 
957,799,694,700,24,962,77,776,70,530 
913,39,623,348,753,157,905,177,206,411 
426,979,151,326,208,615,967,391,524,527 
258,867,525,170,509,759,257,690,402,650 
630,505,795,423,127,417,454,181,810,927 
406,109,390,419,482,439,978,823,687,952 
664,577,329,100,240,159,910,917,601,614 
659,14,386,95,744,174,383,407,63,948 
951,433,971,331,170,794,106,18,352,488 
324,283,957,208,494,557,976,635,239,961 
74,964,956,822,628,144,758,993,490,763 
665,340,548,587,960,321,954,811,516,740 
583,46,436,659,383,150,246,50,762,264 
467,847,938,606,928,215,481,177,264,411 
772,808,360,235,980,233,523,788,499,515 
291,729,643,246,209,132,602,512,172,919 
98,52,253,300,189,97,947,693,837,412 
506,992,913,739,455,251,20,504,254,328 
552,93,20,557,264,370,889,123,43,401 
653,896,908,626,307,323,589,936,251,980 
140,831,393,613,398,456,994,401,88,818 
847,544,485,415,923,828,698,592,630,75 
725,558,604,409,371,822,536,225,728,128 
697,551,393,333,535,645,62,682,302,937 
820,149,553,368,991,43,315,761,540,163 
462,744,828,635,870,997,572,501,391,440 
202,765,339,556,146,114,345,573,654,982 
679,783,548,76,160,317,97,629,736,602 
739,255,100,71,164,891,86,834,379,585 
710,687,581,618,29,990,921,26,435,808 
504,472,704,591,91,219,23,170,655,210 
495,969,91,176,795,923,98,187,713,394 
436,168,856,504,343,476,538,320,515,913 
369,883,914,667,694,29,222,518,500,659 
221,510,115,556,144,698,689,481,201,742 
187,770,906,540,897,775,859,583,367,311 
683,171,311,305,536,788,708,269,513,481 
250,101,984,389,257,301,885,650,25,28 
174,786,831,262,163,291,437,696,69,838 
895,56,455,397,378,142,228,734,119,18 
192,577,829,627,731,186,133,913,80,618 
687,201,739,321,297,650,577,680,240,960 
34,454,503,445,777,441,292,343,564,335 
82,738,214,56,321,770,754,321,98,924 
795,384,838,346,566,247,415,170,905,727 
398,203,869,539,570,259,606,373,746,359 
803,801,162,287,937,108,90,181,794,32 
445,35,875,943,292,766,699,785,154,466 
238,933,699,555,338,376,981,934,401,436 
9,210,813,568,915,646,523,200,164,112 
733,233,665,695,11,371,276,286,828,307 
120,118,734,708,835,55,461,930,84,2 
528,211,123,333,463,585,216,236,137,808 
779,88,818,297,858,983,945,337,578,313 
319,121,805,274,611,978,458,432,963,692 
634,971,581,588,989,275,772,392,13,195 
574,760,515,521,434,11,78,766,727,635 
850,208,719,958,604,673,98,770,780,428 
271,276,955,4,581,724,108,529,312,241 
63,376,680,245,648,389,67,212,406,936 
170,135,824,153,136,287,362,721,607,104 
781,359,285,476,84,211,316,328,314,914 
128,63,34,479,313,25,318,642,648,80 
217,512,429,743,688,335,935,992,266,484 
949,520,681,555,938,784,369,322,310,571 
477,987,662,535,57,660,286,802,337,180 
949,386,736,164,702,729,894,615,111,508 
89,376,802,606,300,895,705,781,869,335 
774,521,183,815,40,468,944,635,442,707 
629,446,670,184,162,966,351,472,662,524 
636,512,258,535,672,983,274,12,726,271 
396,244,73,662,150,314,874,764,500,551 
691,128,551,604,104,91,361,915,629,864 
804,91,370,359,330,486,524,469,399,552 
877,2,763,334,859,342,396,305,550,96 
737,358,899,21,193,139,958,546,249,160 
348,790,412,295,54,302,757,481,978,598 
592,751,155,369,726,914,848,734,423,183 
162,703,354,234,151,958,624,462,756,535 
519,335,144,604,218,404,867,473,182,484 
205,885,271,108,139,57,672,954,748,944 
690,313,377,195,716,281,219,496,408,466 
639,534,390,85,876,752,354,479,606,571 
849,547,714,38,65,99,937,421,766,939 
570,530,280,34,616,289,90,861,395,798 
62,322,442,509,307,110,382,861,841,627 
297,210,779,754,701,517,531,48,562,163 
835,96,815,215,447,926,154,212,329,907 
594,819,436,338,233,886,362,269,176,903 
825,317,266,199,520,220,234,679,951,81 
433,460,956,247,335,603,986,210,67,857 
924,175,653,453,392,951,425,653,662,864 
526,18,847,680,636,425,555,479,357,86 
746,7,850,439,244,443,294,858,269,937 
399,132,392,165,712,823,100,68,988,896 
188,858,294,50,263,40,804,434,824,325 
25,648,313,944,705,278,584,519,47,672 
276,80,635,297,144,993,439,950,877,717 
600,224,15,334,362,100,934,674,476,23 
644,236,203,216,174,327,923,430,268,33 
247,90,690,354,577,499,281,575,990,916 
56,527,537,524,307,954,743,194,830,145 
738,835,347,302,959,714,215,545,267,874 
274,515,850,843,829,291,240,54,166,355 
752,943,439,382,849,126,806,936,257,570 
445,578,738,307,728,496,905,138,870,729 
637,607,1,59,236,727,688,992,897,112 
740,217,586,482,576,389,998,59,489,989 
180,71,525,40,46,91,440,694,748,972 
993,51,141,113,739,35,361,194,879,884 
802,171,743,124,736,696,541,376,651,263 
850,470,299,213,427,87,236,894,910,268 
78,773,546,996,896,179,956,920,708,872 
926,756,542,635,898,482,406,488,132,571 
405,693,765,189,756,960,516,548,239,377 
671,310,17,39,511,616,897,642,329,718 
754,525,561,203,633,814,137,909,895,731 
400,531,614,690,142,807,641,573,642,874 
516,648,270,312,410,792,859,225,437,178 
998,545,415,125,972,645,999,62,250,810 
992,766,116,364,92,418,223,55,918,406 
787,734,5,166,128,182,228,379,257,790 
478,671,966,589,287,365,699,943,925,727 
862,301,93,918,934,665,675,440,95,715 
513,897,554,227,944,712,384,956,453,340 
439,576,578,924,854,565,109,688,186,620 
62,959,499,915,466,741,305,582,245,665 
416,718,828,441,346,229,704,946,43,605 
583,319,888,21,116,61,977,567,263,946 
981,593,799,352,677,270,595,361,505,592 
392,608,654,892,157,106,345,769,314,679 
701,894,271,921,304,696,777,752,116,222 
839,503,1,433,386,294,15,154,371,237 
529,866,759,138,678,592,445,888,49,531 
833,556,977,220,529,500,34,654,636,287 
34,597,562,387,568,488,725,95,150,461 
719,669,335,240,679,947,827,735,899,263 
144,333,817,741,827,665,112,478,820,58 
849,190,392,658,171,538,687,667,964,861 
197,474,603,30,486,479,962,631,66,198 
122,116,873,853,46,493,560,874,129,418 
25,897,188,755,169,279,248,385,90,950 
401,220,833,477,875,194,426,786,566,369 
727,319,261,369,272,151,877,329,84,843 
177,628,125,798,698,328,74,945,963,995 
462,395,506,386,109,601,26,479,935,966 
6,510,741,295,697,52,673,254,209,309 
858,936,641,992,924,645,85,177,702,172 
217,740,437,400,290,352,998,52,742,944 
913,886,111,881,57,394,914,656,527,198 
838,852,22,173,352,803,82,579,124,756 
962,260,757,464,428,985,93,965,671,216 
281,904,164,126,116,583,134,932,84,225 
280,12,425,91,638,926,169,343,75,275 
8,74,969,661,925,107,632,977,728,835 
341,154,664,646,636,43,393,804,89,721 
314,499,319,915,28,749,747,943,31,10 
467,666,615,354,264,435,731,369,507,988 
382,759,764,974,222,99,477,257,338,355 
213,109,833,195,680,519,669,799,204,651 
359,535,910,643,716,22,19,25,620,647 
35,583,587,61,783,640,65,428,435,18 
428,233,734,11,725,3,479,429,920,757 
610,104,205,154,48,146,331,227,341,957 
916,543,498,181,484,952,946,500,147,526 
538,892,434,306,714,537,490,769,40,897 
703,459,492,776,588,119,21,996,321,573 
330,426,839,767,749,563,259,709,754,822 
369,59,950,315,864,82,531,81,379,624 
807,989,72,196,411,305,753,914,353,940 
832,199,879,939,968,546,945,460,238,919 
739,882,871,897,923,874,154,84,341,833 
38,724,656,352,62,373,430,373,425,704 
849,911,639,142,928,557,516,780,57,636 
89,195,176,356,944,859,574,765,901,716 
293,859,85,929,823,475,766,649,511,889 
533,595,871,200,719,981,816,349,567,713 
968,816,622,957,166,487,665,366,641,969 
436,200,62,916,781,323,160,972,667,550 
858,609,692,81,224,323,582,938,276,165 
957,230,940,747,531,737,512,633,734,60 
185,193,572,882,981,824,153,511,79,950 
417,725,964,457,321,237,640,381,703,790 
335,858,714,301,951,761,251,34,859,44 
219,514,914,410,23,510,894,859,559,976 
345,206,468,925,416,589,463,563,532,585 
870,136,862,760,417,372,583,471,819,325 
330,437,436,485,689,231,835,402,67,841 
833,457,440,647,89,320,699,745,779,527 
630,284,15,42,964,195,247,62,903,17 
558,693,74,577,804,376,824,44,483,920 
19,518,452,336,489,238,939,779,881,808 
241,990,131,377,119,577,974,14,952,271 
947,394,944,671,422,218,713,903,108,694 
276,684,336,718,412,793,160,46,382,905 
237,600,988,794,912,893,249,792,47,759 
616,267,966,926,173,519,379,605,949,246 
618,344,545,796,991,612,932,622,10,587 
302,79,283,819,778,537,935,234,674,117 
108,305,882,863,270,985,90,600,948,270 
732,769,4,575,134,898,75,510,530,772 
457,34,120,857,337,335,181,94,46,479 
52,961,424,911,35,701,958,504,521,383 
86,609,484,285,472,30,103,554,136,126 
40,296,666,958,791,314,424,862,138,493 
767,989,757,851,512,631,999,579,122,511 
737,816,732,833,967,700,40,705,64,1 
940,314,347,909,2,812,415,567,486,989 
797,674,840,786,329,893,263,411,618,156 
998,385,139,271,819,812,746,748,330,957 
566,379,824,212,246,319,331,423,997,476 
815,704,985,353,763,178,890,236,234,688 
968,124,598,730,789,583,471,45,201,800 
336,869,756,988,787,745,143,978,963,875 
180,765,190,803,339,239,966,904,870,107 
677,418,60,711,278,502,386,700,771,359 
800,412,192,566,799,207,454,61,216,138 
724,629,8,253,312,450,119,422,795,840 
568,599,379,853,59,625,674,275,390,204 
963,207,154,956,453,531,514,905,600,148 
254,923,84,449,309,632,464,545,257,940 
432,863,84,36,433,277,297,351,518,994 
885,841,388,626,109,741,74,648,641,158 
138,98,253,874,5,329,344,652,587,204 
53,268,808,864,95,973,978,486,914,347 
934,881,172,231,794,386,19,697,213,530 
344,809,555,659,792,97,845,235,484,659 
765,622,382,114,727,800,988,895,226,580 
721,11,502,171,878,292,920,980,528,22 
473,508,915,639,925,267,421,542,38,595 
453,905,993,701,849,610,64,666,143,486 
534,90,916,962,210,293,600,826,331,684 
962,847,626,43,15,315,772,181,870,228 
70,436,711,340,899,883,930,97,577,970 
573,653,34,70,605,76,470,594,668,781 
462,806,971,824,555,314,591,66,5,343 
928,600,752,282,879,621,96,94,341,305 
253,189,464,17,609,738,776,973,727,910 
800,83,46,14,673,21,66,285,24,784 
148,683,87,892,207,266,64,91,131,496 
118,488,104,142,918,318,560,52,843,954 
719,166,504,70,734,847,109,138,338,137 
204,89,300,510,310,805,929,423,935,976 
426,870,144,945,262,929,459,471,890,462 
624,333,507,925,382,570,227,15,502,460 
191,761,473,584,337,293,522,304,761,853 
990,185,270,924,632,792,459,731,977,545 
356,245,205,396,223,736,664,820,304,761 
159,829,461,314,139,74,952,386,399,128 
507,345,635,170,181,54,642,129,514,408 
934,200,10,797,524,634,456,202,977,480 
122,832,187,883,184,143,924,210,413,122 
809,913,155,582,930,134,595,392,74,505 
209,370,973,935,446,130,953,843,712,16 
349,386,540,465,927,545,892,829,634,565 
387,825,684,839,668,169,309,554,803,302 
179,130,163,904,683,99,735,704,442,787 
940,69,697,749,587,913,351,963,845,526 
984,23,23,835,299,774,636,757,98,450 
530,628,306,930,748,515,658,168,623,35 
513,678,113,357,296,798,251,338,310,581 
63,89,242,947,684,179,691,2,134,231 
4,969,507,925,867,44,952,217,472,321 
258,231,427,561,289,781,446,217,999,17 
218,948,718,7,93,487,167,943,960,560 
558,882,927,612,931,799,426,740,148,246 
537,643,245,191,676,990,210,440,248,673 
923,794,165,842,918,783,956,724,51,114 
934,579,24,106,512,286,29,516,363,686 
586,876,447,81,564,609,216,323,606,602 
552,387,76,137,532,309,891,58,939,137 
885,15,313,463,216,92,434,540,342,842 
177,318,855,50,888,217,66,407,386,355 
803,336,692,842,782,729,683,304,817,886 
487,952,672,443,60,904,970,619,9,274 
633,795,89,457,767,17,887,844,595,502 
639,754,35,926,960,59,620,976,93,543 
173,462,11,645,561,627,148,786,250,611 
17,92,107,812,447,553,614,335,577,73 
445,243,771,421,244,318,454,322,202,505 
383,614,649,287,571,102,467,481,29,801 
212,985,607,669,439,353,487,116,41,176 
952,122,449,168,834,414,457,879,276,803 
862,399,558,993,546,684,243,261,83,154 
163,210,309,65,414,762,98,798,324,541 
986,151,898,748,53,506,512,219,181,634 
605,417,649,856,723,677,668,674,480,670 
61,698,385,295,127,942,763,102,848,143 
524,880,654,936,395,371,309,581,992,630 
334,437,198,929,674,734,149,421,524,628 
748,343,916,253,924,614,975,996,672,654 
356,39,897,961,849,520,157,714,676,661 
527,925,751,660,994,566,154,534,558,428 
140,334,390,754,364,543,904,362,553,415 
355,518,690,524,359,261,632,898,942,966 
223,422,449,947,715,689,381,85,40,100 
524,760,537,13,231,739,250,772,145,519 
609,116,927,657,695,961,188,606,341,338 
449,930,921,443,393,941,664,795,219,682 
949,564,225,596,296,516,773,296,666,871 
155,242,444,535,681,813,887,393,330,42 
54,149,131,923,807,378,389,133,721,123 
281,648,256,130,769,461,707,184,891,387 
143,758,473,85,396,298,499,235,413,282 
599,580,589,774,302,901,957,445,39,880 
466,31,985,412,899,58,530,597,448,52 
997,432,93,755,504,126,70,772,835,370 
422,54,844,0,8,114,160,811,550,954 
276,451,367,475,666,490,114,176,390,714 
409,548,776,861,82,491,532,671,711,942 
605,188,69,466,848,354,417,452,692,458 
46,851,744,425,796,729,13,949,362,183 
306,231,476,893,431,860,583,683,209,54 
793,774,51,989,766,58,190,646,750,849 
311,534,42,245,31,494,173,896,224,306 
519,261,778,79,571,450,46,913,171,21 
2,718,642,200,459,507,127,898,945,89 
313,27,212,643,54,956,12,246,582,65 
806,229,860,156,282,584,764,264,569,113 
407,430,60,612,444,631,200,896,442,70 
902,773,368,305,567,364,405,332,932,685 
867,810,195,858,365,650,725,726,770,658 
909,88,354,722,315,482,941,111,631,17 
859,970,361,568,958,84,796,901,915,321 
579,920,256,279,387,804,759,201,105,75 
568,668,781,762,725,197,779,758,975,284 
546,433,559,474,750,77,526,563,856,68 
693,823,269,233,409,315,563,7,574,734 
424,989,588,243,357,786,127,363,80,978 
960,60,967,405,105,729,472,640,606,295 
126,907,911,466,333,30,994,242,950,921 
357,549,335,414,425,218,738,397,234,359 
597,700,259,624,889,601,854,709,276,877 
9,918,202,951,148,365,120,458,335,265 
457,252,89,74,745,788,946,302,279,998 
346,671,191,7,427,382,661,40,649,792 
206,681,555,139,288,875,665,902,90,665 
348,587,62,980,797,929,107,770,285,762 
744,411,244,317,474,143,670,369,382,631 
815,760,314,510,119,531,493,564,537,127 
183,624,493,92,867,638,437,406,418,604 
341,306,369,309,60,39,378,217,967,294 
168,121,972,111,11,914,995,889,188,854 
537,598,931,289,958,449,196,270,975,445 
136,375,510,147,399,219,157,775,506,95 
657,576,199,644,779,906,591,928,274,98 
401,220,708,133,25,385,268,125,875,600 
613,617,945,477,588,296,69,103,83,618 
248,951,642,379,984,674,984,117,624,588 
952,857,89,979,799,593,502,765,417,69 
702,711,283,184,603,748,475,118,287,102 
11,524,670,883,797,868,886,399,992,852 
827,266,113,618,31,118,277,806,382,448 
138,820,544,864,398,876,32,102,591,520 
945,627,417,90,305,841,654,343,445,928 
959,259,267,879,665,794,255,771,963,880 
645,646,44,711,221,415,689,979,45,481 
92,51,928,251,192,789,996,437,945,358 
498,777,184,190,574,917,564,948,310,556 
300,891,295,243,81,664,674,111,425,375 
550,8,262,985,159,490,645,636,765,777 
705,967,383,734,848,729,246,594,998,429 
966,29,669,547,703,132,38,438,426,549 
305,837,311,344,185,81,939,548,691,186 
198,530,708,294,66,58,690,407,968,921 
595,40,813,60,674,172,930,355,304,587 
465,4,438,41,731,475,113,684,374,548 
471,483,452,725,933,342,991,466,275,470 
264,494,351,985,223,250,542,833,380,886 
25,155,364,482,348,471,727,183,594,257 
102,374,156,242,371,892,832,619,680,226 
310,528,561,917,934,613,38,126,853,864 
784,728,767,922,445,24,358,403,199,942 
56,617,694,760,351,861,790,765,337,106 
355,317,440,970,897,578,892,431,400,290 
252,451,580,356,676,965,322,5,417,313 
775,558,615,954,411,868,867,886,738,627 
492,390,715,424,908,593,138,362,757,628 
992,587,263,160,442,617,150,351,719,619 
128,828,154,994,763,783,344,775,445,906 
523,203,942,740,205,622,583,911,33,823 
294,47,427,125,553,817,383,824,192,981 
590,767,391,162,838,471,337,93,257,964 
904,790,829,87,801,455,444,28,445,825 
777,247,937,132,643,411,543,795,247,214 
141,506,309,676,603,566,877,999,939,199 
890,848,185,804,236,364,106,987,268,734 
9,723,224,53,139,32,502,762,868,490 
765,952,635,859,959,672,592,379,700,111 
310,434,352,767,468,681,803,823,277,453 
33,984,343,585,848,549,849,854,687,5 
189,66,831,537,637,563,585,740,929,102 
974,564,967,601,46,900,644,617,488,891 
398,672,432,469,428,118,950,91,189,899 
563,49,445,231,695,957,646,134,254,79 
35,59,65,529,544,264,96,772,53,159 
749,340,289,673,740,105,403,64,430,124 
740,226,877,82,217,629,666,464,796,729 
482,251,897,735,767,706,598,636,658,315 
276,793,566,358,435,595,633,98,866,66 
92,218,555,16,121,356,772,23,675,278 
954,231,9,973,176,996,989,795,166,520 
617,764,301,890,833,517,534,410,731,482 
50,711,707,571,772,504,851,898,979,691 
176,859,476,125,344,400,444,103,119,832 
426,449,744,524,523,581,800,390,391,227 
303,790,65,845,424,90,493,62,552,89 
553,251,75,276,910,622,417,153,696,435 
168,902,536,410,667,510,51,240,424,187 
707,817,48,657,307,454,695,419,264,910 
403,588,411,173,1,731,403,574,83,844 
944,230,181,567,802,639,7,576,320,61 
133,162,500,729,914,904,923,959,916,370 
107,806,112,776,413,195,494,782,121,66 
295,876,601,811,843,345,382,893,135,836 
366,593,123,382,920,30,10,503,278,948 
514,51,96,935,132,825,970,538,933,176 
787,773,787,622,774,589,811,191,726,431 
991,894,875,681,910,339,793,172,363,369 
831,553,343,235,317,679,401,594,582,86 
804,269,517,540,554,406,708,674,316,549 
440,538,467,787,712,575,57,733,28,840 
241,635,947,274,53,772,892,409,773,736 
294,131,821,122,667,258,56,159,191,668 
897,63,647,401,368,783,356,56,273,49 
182,677,40,857,117,851,409,12,331,82 
852,567,726,373,213,521,561,596,177,294 
106,601,333,34,62,528,713,238,449,775 
330,305,338,0,661,54,538,416,598,558 
597,813,440,738,433,16,864,336,347,44 
138,951,658,747,725,296,875,820,434,195 
195,794,535,235,211,220,283,871,325,508 
298,678,789,135,71,86,323,360,313,33 
677,633,926,53,866,359,125,551,737,288 
712,931,591,860,846,58,399,365,334,32 
379,725,87,296,369,587,773,927,626,953 
749,50,572,716,34,37,606,105,952,58 
507,913,406,817,544,769,289,682,720,832 
675,860,480,765,562,209,820,101,452,880 
151,942,24,510,346,915,896,555,980,173 
908,485,815,18,664,499,779,468,693,559 
188,840,636,744,791,874,854,363,858,18 
58,382,352,117,774,146,484,594,862,978 
589,566,851,716,16,23,90,666,516,354 
709,725,478,346,319,424,836,678,441,660 
247,77,338,597,193,16,227,32,462,76 
640,343,840,474,402,515,914,549,145,685 
158,792,679,329,434,121,872,815,884,310 
61,983,750,562,448,88,294,732,98,950 
332,405,792,38,510,532,636,615,345,639 
824,54,997,640,141,397,963,714,321,250 
323,798,687,992,229,422,217,60,57,501 
712,134,795,658,252,42,518,399,615,434 
761,946,203,242,870,303,540,559,615,632 
616,125,516,218,379,443,631,373,960,413 
905,728,153,542,141,518,231,40,306,401 
653,42,974,849,503,596,829,785,168,426 
417,167,233,851,763,174,709,973,592,738 
657,734,952,815,105,449,223,37,613,548 
254,604,427,42,420,889,903,977,173,858 
413,802,821,444,918,697,558,798,424,464 
708,681,568,852,794,894,612,379,702,140 
875,25,295,373,173,942,599,132,343,61 
499,54,134,147,615,586,301,970,606,261 
162,178,583,118,618,339,276,715,933,257 
724,607,356,20,616,233,903,82,371,153 
131,476,994,601,160,810,163,629,761,516