416,227,187,835,63,730,9,441,357,753 
341,999,142,741,865,618,4,253,706,319 
653,568,767,945,517,320,875,747,901,972 
534,303,216,907,238,73,926,940,213,166 
551,715,152,310,117,294,492,720,214,829 
117,877,309,32,28,764,660,834,804,741 
80,211,713,217,353,84,925,814,645,435 
432,121,640,527,868,84,649,141,891,207 
244,872,445,458,655,480,121,937,860,961 
831,40,706,564,688,589,320,762,11,974 
416,893,541,567,907,873,716,382,414,263 
984,402,457,867,607,309,664,971,419,506 
776,208,970,593,463,137,297,232,440,258 
990,220,586,356,905,149,221,550,221,567 
904,697,793,620,385,377,878,911,490,831 
317,44,748,851,847,780,355,911,735,644 
302,495,135,788,649,172,638,517,289,976 
275,68,803,516,617,19,433,110,575,927 
202,654,331,444,597,278,458,196,458,450 
206,158,293,37,557,475,632,403,450,564 
539,421,610,344,747,919,541,506,764,318 
526,46,932,277,441,156,918,382,345,981 
320,213,875,483,841,568,314,685,586,691 
247,791,744,369,141,384,403,685,279,301 
455,389,583,691,516,768,59,145,316,118 
437,684,944,646,112,565,463,685,771,5 
716,186,915,280,83,783,473,927,529,401 
476,40,789,200,37,680,150,914,782,232 
762,986,333,557,776,439,419,321,570,855 
779,896,251,754,321,405,377,202,105,810 
455,0,217,102,210,938,20,225,462,144 
44,427,964,735,643,91,690,757,454,684 
511,858,743,849,121,655,29,192,221,457 
266,333,146,646,577,965,307,928,642,827 
671,887,875,680,623,648,68,987,971,171 
39,48,889,395,219,956,867,511,708,775 
700,557,96,802,391,174,632,720,227,813 
793,321,871,768,366,834,694,801,436,360 
479,543,913,802,172,765,578,711,53,20 
776,741,481,28,694,640,856,757,618,547 
111,797,5,129,320,850,761,292,542,622 
334,791,746,387,873,959,357,124,377,99 
19,35,807,381,304,657,41,937,578,896 
955,186,786,708,204,468,120,400,576,140 
450,476,599,443,376,892,201,697,847,52 
140,103,681,624,572,85,446,328,909,650 
833,97,200,249,832,6,96,16,529,405 
616,669,966,422,635,489,317,126,591,294 
519,810,918,965,19,599,379,215,630,574 
758,950,512,532,27,52,262,912,109,585 
960,814,555,418,311,608,165,548,437,132 
653,33,56,497,252,921,372,331,816,953 
860,374,623,321,109,87,442,695,216,829 
673,426,97,383,479,921,24,823,242,193 
972,444,625,557,287,605,442,168,74,625 
375,566,109,564,636,760,387,916,960,327 
272,2,630,728,264,491,983,605,454,326 
797,652,333,256,902,728,103,67,755,413 
71,933,596,290,461,733,835,959,365,808 
833,582,484,57,520,382,809,160,767,457 
764,321,859,688,30,965,176,933,180,806 
524,189,1,35,980,937,222,243,302,169 
457,463,26,561,728,616,125,240,736,88 
315,443,262,820,792,977,649,351,348,183 
242,82,361,876,658,654,418,222,494,988 
361,771,689,516,749,868,551,475,223,884 
241,8,711,382,601,204,312,956,364,249 
852,260,239,579,965,413,807,780,506,711 
1,212,882,928,194,429,47,779,269,924 
82,340,775,947,728,934,112,764,230,629 
33,112,542,471,876,454,645,500,388,439 
616,887,378,877,795,525,489,468,181,699 
151,649,164,372,496,695,456,695,384,592 
919,327,885,520,148,740,791,606,597,542 
173,716,608,490,21,941,432,502,368,318 
818,630,440,925,974,145,422,750,621,45 
12,157,150,246,556,693,596,734,299,727 
80,543,950,630,726,276,799,631,558,341 
428,319,26,233,524,876,423,30,23,309 
26,164,961,982,360,527,538,675,82,435 
429,573,707,170,27,851,119,41,27,576 
737,257,369,146,665,545,944,499,913,680 
285,496,387,688,210,439,937,518,803,37 
336,150,368,789,89,348,559,325,725,181 
790,939,285,876,218,956,340,40,487,37 
769,538,101,571,540,53,419,516,284,414 
314,960,971,99,713,642,79,552,736,449 
382,404,43,404,261,866,581,434,341,716 
294,422,331,81,363,681,442,959,713,346 
910,604,997,312,232,262,371,681,73,339 
897,339,109,570,358,815,750,824,973,597 
154,47,176,771,210,89,315,999,7,874 
591,948,587,739,367,625,9,795,618,820 
131,520,861,158,502,611,988,776,420,506 
69,404,62,375,298,294,867,181,857,105 
113,178,961,494,591,880,619,959,84,710 
515,537,176,628,785,384,422,356,88,36 
426,43,283,329,500,814,295,213,865,18 
865,291,11,179,300,380,957,406,551,717 
572,307,713,251,533,26,226,235,615,431 
799,702,653,487,177,578,275,2,827,436 
225,835,758,168,849,418,227,227,817,482 
61,704,430,390,736,575,485,15,842,396 
455,241,892,131,888,524,988,33,812,605 
739,941,807,52,734,958,495,545,155,574 
865,176,714,964,852,235,837,472,877,823 
846,143,256,206,571,998,929,395,392,314 
580,669,482,582,775,274,243,615,985,309 
519,265,431,819,658,437,43,118,900,858 
33,884,90,407,304,74,137,43,193,634 
729,507,712,837,373,882,644,305,251,344 
756,242,620,289,695,983,65,638,104,524 
343,761,365,237,66,361,162,314,914,998 
343,725,771,878,563,592,239,958,987,668 
272,596,723,101,397,729,271,457,579,692 
174,799,837,105,764,676,25,585,691,408 
576,947,517,327,650,512,241,436,716,437 
479,160,543,625,161,936,870,933,913,765 
636,963,401,140,359,871,755,29,421,51 
109,641,857,295,336,549,922,397,886,484 
529,851,973,648,325,241,420,641,404,962 
89,350,32,759,221,375,75,879,61,606 
113,931,542,434,945,741,651,555,663,721 
582,596,305,268,489,33,684,649,967,938 
154,26,605,416,122,564,702,725,853,427 
119,344,600,740,184,869,443,514,580,739 
364,567,357,279,417,156,526,47,416,189 
455,496,413,675,615,192,272,229,849,120 
295,433,245,313,375,899,489,72,715,384 
468,892,87,229,0,715,204,488,945,380 
447,928,806,80,64,913,587,738,876,935 
784,389,368,660,970,981,779,220,564,717 
750,221,962,104,874,621,201,723,206,75 
350,543,308,744,634,932,823,62,286,233 
988,982,137,57,937,856,219,351,958,867 
221,266,927,804,240,187,739,795,94,387 
428,682,617,746,451,839,142,90,127,568 
716,810,218,478,191,950,912,226,948,228 
405,299,553,105,954,938,651,730,780,669 
538,623,145,888,517,873,751,938,821,741 
435,650,609,104,539,970,814,186,833,156 
792,823,4,282,266,416,708,826,982,361 
986,365,617,107,802,969,22,129,30,788 
117,640,904,25,168,520,659,679,930,551 
223,988,13,13,359,874,774,170,240,224 
310,651,185,441,536,851,802,825,522,62 
818,339,642,97,233,943,302,453,758,913 
936,619,990,334,204,529,634,248,112,386 
283,544,951,172,365,890,905,83,445,388 
955,323,848,649,598,250,642,706,223,764 
632,788,898,664,882,845,956,504,968,615 
556,358,384,103,228,9,922,95,714,423 
592,263,973,453,381,403,223,921,616,862 
774,544,365,372,998,740,344,125,271,541 
703,909,54,761,76,728,50,550,571,731 
461,123,46,605,910,47,307,45,135,161 
14,973,776,798,240,412,863,241,244,90 
529,493,290,108,834,918,434,975,709,902 
766,489,624,435,388,179,64,357,151,514 
724,206,769,93,560,882,647,209,89,405 
73,416,383,172,604,209,364,843,22,128 
616,182,494,190,863,619,45,411,727,813 
973,312,481,355,892,97,651,911,516,719 
304,243,835,12,373,765,594,712,361,59 
469,32,784,721,806,870,980,560,518,163 
841,376,744,49,906,790,715,710,213,521 
701,434,768,630,815,1,183,668,441,340 
148,218,722,594,241,316,971,204,332,316 
617,551,959,533,518,554,196,314,851,518 
826,653,644,213,870,316,512,436,320,950 
235,578,545,372,162,827,78,170,890,262 
100,156,493,945,448,757,954,590,129,683 
512,511,917,223,582,654,804,432,570,927 
381,63,525,86,332,981,520,557,436,640 
765,942,654,708,683,455,630,207,919,187 
519,917,180,941,915,986,744,703,800,390 
226,600,850,538,899,340,721,169,8,918 
287,729,465,633,328,945,593,396,926,596 
523,579,208,252,477,946,255,234,76,277 
877,170,692,74,258,339,209,448,812,883 
15,729,634,90,490,371,333,637,771,892 
76,763,624,819,154,260,911,284,38,981 
566,11,503,935,58,10,162,792,595,893 
874,377,360,675,274,198,796,511,545,997 
716,116,923,134,891,295,480,665,157,390 
244,972,612,903,435,563,898,275,310,162 
204,401,565,279,543,358,619,258,355,90 
625,678,496,119,528,161,224,859,79,87 
299,788,724,901,105,363,803,681,864,249 
921,231,546,22,27,999,185,632,376,986 
738,272,407,178,780,969,79,257,315,330 
833,370,542,539,979,740,625,292,628,973 
503,824,624,811,407,456,855,494,698,453 
758,193,623,965,873,391,251,463,187,170 
448,737,388,838,569,86,541,324,463,622 
43,403,723,357,742,137,593,949,605,528 
981,527,320,179,76,933,146,959,458,491 
449,439,323,804,242,247,40,865,550,10 
289,228,939,239,305,667,0,438,930,895 
930,657,630,564,556,461,471,779,774,240 
916,3,572,532,712,175,929,849,88,1 
937,986,697,203,160,813,524,470,410,150 
855,788,128,645,946,535,3,11,770,613 
873,444,997,899,121,710,955,958,36,321 
877,240,802,838,348,423,934,25,881,138 
448,179,453,389,813,784,212,77,764,480 
738,453,423,73,314,165,828,273,879,636 
144,929,881,980,343,893,103,140,906,176 
179,964,597,596,126,321,507,55,424,16 
937,993,876,855,909,306,182,783,873,424 
506,190,663,734,346,345,378,913,332,446 
182,596,6,271,886,235,431,227,8,484 
347,574,407,809,498,873,869,922,749,684 
195,744,990,176,998,28,868,721,783,294 
880,408,152,314,679,623,550,972,891,518 
623,700,608,691,554,317,209,509,205,223 
36,129,142,404,889,477,906,640,986,690 
708,793,551,560,19,574,177,121,466,508 
568,351,525,276,68,953,717,600,980,528 
576,492,695,377,80,49,605,611,414,996 
16,887,563,502,652,280,643,460,249,312 
286,687,609,602,332,782,98,910,477,167 
737,926,610,108,793,240,275,474,143,996 
998,645,595,853,576,488,605,716,748,953 
449,136,989,456,609,354,458,767,318,613 
37,421,435,163,207,837,446,522,580,268 
947,245,726,832,998,391,697,795,309,418 
658,87,112,317,213,475,958,981,681,148 
837,842,242,887,590,426,59,426,586,635 
318,250,29,954,954,231,638,449,536,812 
39,276,530,379,192,12,215,310,578,213 
135,391,818,746,528,880,61,697,507,847 
634,864,798,761,73,566,879,448,222,751 
369,831,585,55,406,170,933,144,34,618 
123,143,279,134,794,680,154,821,397,210 
610,16,194,100,88,677,66,391,807,317 
146,62,642,847,725,527,348,526,340,293 
400,341,747,583,173,163,840,0,245,514 
155,593,963,225,413,172,359,457,542,743 
824,212,959,552,300,849,840,672,807,12 
944,32,901,771,391,816,94,76,17,407 
533,306,593,644,324,462,903,51,848,105 
600,539,877,911,536,44,806,472,511,469 
539,369,381,348,671,967,403,767,500,595 
376,647,78,401,108,13,273,203,492,5 
847,386,467,902,74,180,498,459,266,17 
764,884,708,519,672,981,904,118,851,688 
997,30,305,367,635,332,928,113,908,36 
426,166,791,952,605,446,419,150,984,451 
245,239,204,327,526,324,196,439,557,539 
291,191,940,224,905,664,296,767,137,708 
10,405,394,154,438,206,656,397,685,760 
558,719,643,223,323,3,494,954,542,983 
929,971,814,336,685,460,571,208,483,773 
835,778,232,834,834,822,245,248,281,160 
722,64,881,187,359,492,508,747,415,943 
993,880,73,514,906,598,300,104,331,185 
262,474,458,534,329,975,421,589,978,443 
724,259,40,881,860,948,862,75,645,157 
773,334,721,982,89,155,338,470,749,487 
446,34,261,164,233,190,497,248,816,308 
33,179,149,529,986,559,276,60,411,768 
537,731,68,394,139,334,836,234,57,884 
540,405,872,652,558,156,374,636,212,377 
734,717,278,547,232,992,844,13,716,345 
723,630,739,970,624,9,954,931,351,20 
172,100,718,637,875,525,619,49,11,581 
470,334,27,78,156,752,353,210,538,593 
448,399,882,921,161,117,117,870,923,33 
917,108,40,882,390,133,926,144,816,420 
798,484,883,940,740,451,472,13,212,796 
840,982,69,473,620,918,365,98,648,292 
121,164,140,415,519,193,712,976,378,97 
939,292,601,63,528,405,116,742,974,271 
228,994,891,336,47,227,916,873,756,339 
459,537,801,17,782,625,670,70,872,906 
733,349,678,322,753,480,592,830,400,701 
81,609,775,351,629,403,672,233,431,445 
410,549,388,456,118,747,495,821,337,717 
602,735,986,367,469,709,394,628,127,811 
363,843,358,368,191,936,132,523,262,111 
552,798,27,28,606,589,444,470,724,760 
636,74,562,499,422,371,550,639,368,518 
953,833,146,564,609,272,577,993,859,964 
893,122,924,594,347,988,261,588,368,910 
497,437,683,424,493,266,924,77,419,36 
87,228,314,178,768,77,757,356,130,566 
454,138,552,221,703,754,926,944,893,849 
701,432,634,353,57,308,237,88,137,986 
576,809,315,712,742,36,953,345,423,856 
492,139,921,801,67,93,773,892,432,525 
155,712,935,279,602,959,492,474,352,441 
312,685,554,441,975,303,266,601,922,844 
226,193,412,483,481,245,451,588,857,692 
596,759,657,460,171,312,142,155,958,598 
305,273,373,402,981,441,809,893,472,246 
142,267,716,563,302,931,264,250,483,328 
127,5,336,610,477,819,324,837,834,27 
149,636,428,132,189,518,181,429,772,686 
86,464,217,640,854,849,510,391,100,196 
247,636,525,556,230,809,26,320,455,828 
321,625,3,295,574,606,763,860,565,728 
339,453,119,450,568,913,431,511,848,139 
264,287,556,821,813,765,524,530,636,576 
895,216,352,233,685,732,649,844,228,480 
210,711,667,247,167,999,247,138,729,202 
423,875,136,880,734,734,531,474,428,55 
863,829,89,646,10,792,496,479,211,680 
347,862,168,125,193,616,58,341,952,173 
937,582,489,682,416,217,991,83,373,690 
651,237,207,356,656,305,820,393,878,484 
102,607,285,147,666,694,143,332,405,686 
538,992,890,230,832,957,300,215,405,136 
877,383,877,7,89,201,264,733,282,289 
235,198,392,181,532,546,693,944,898,567 
618,368,302,150,426,927,242,648,273,934 
132,250,496,549,174,675,944,240,94,598 
95,28,973,314,836,439,695,127,228,884 
742,636,495,46,74,564,10,676,457,407 
985,171,983,12,497,393,298,867,95,453 
109,688,353,341,399,493,327,103,487,439 
340,153,983,784,303,387,250,989,873,338 
306,701,570,736,242,506,181,647,925,372 
468,525,442,336,121,216,557,664,995,522 
594,797,857,784,56,999,918,45,856,85 
929,820,569,303,447,378,138,672,472,482 
539,218,243,186,120,114,110,314,922,458 
542,381,684,709,919,496,591,701,464,231 
467,552,799,471,674,865,988,518,90,771 
637,910,488,0,350,537,147,384,794,143 
564,789,794,730,688,779,329,770,679,573 
58,885,948,610,862,270,881,335,310,86 
191,662,737,200,399,396,506,630,208,408 
258,538,741,446,973,279,298,44,139,525 
771,916,646,779,417,72,811,94,890,164 
695,888,52,949,31,356,5,88,436,974 
498,133,977,480,155,137,242,926,799,211 
867,987,65,86,66,820,918,773,354,611 
289,542,445,542,365,109,933,21,199,9 
687,75,126,835,372,620,520,362,725,389 
42,20,755,728,155,271,785,462,949,118 
542,895,778,879,338,414,759,793,157,408 
327,106,639,187,271,615,247,866,665,269 
235,126,759,339,208,281,958,483,807,68 
245,38,364,905,880,620,836,474,901,101 
883,280,426,777,992,32,281,979,813,552 
602,925,742,7,795,621,789,906,478,645 
376,514,575,601,312,91,433,657,414,800 
548,621,652,370,44,712,854,512,641,878 
83,951,655,871,100,570,490,613,815,870 
727,362,840,268,753,91,101,634,207,657 
285,595,191,566,620,809,593,228,717,429 
578,985,605,94,268,495,392,197,94,320 
738,713,493,854,556,886,831,328,240,817 
367,353,139,254,762,11,607,330,461,897 
570,861,545,626,678,159,628,688,166,3 
413,216,361,264,964,445,598,452,436,277 
173,724,709,557,502,663,770,656,96,129 
836,715,951,10,873,652,283,110,565,920 
962,48,347,123,385,807,848,514,36,675 
196,485,735,616,29,913,232,657,490,394 
844,920,698,869,850,226,119,363,768,200 
610,529,240,623,251,572,766,297,348,891 
193,981,708,53,947,497,627,193,639,704 
519,508,566,478,762,340,134,407,229,331 
192,776,982,72,660,558,849,184,771,27 
934,874,65,919,759,951,541,546,883,328 
614,231,692,218,404,173,354,916,231,263 
938,913,912,667,742,257,595,544,722,2 
613,632,368,236,656,797,465,705,640,336 
137,819,857,708,885,560,647,73,228,985 
938,605,495,312,452,333,215,927,48,73 
177,966,184,605,888,204,539,851,127,479 
233,542,233,454,125,650,647,19,710,863 
621,518,529,917,522,93,39,425,283,568 
271,213,515,160,607,261,768,831,740,781 
756,227,36,105,143,589,28,269,318,86 
59,259,546,168,298,186,199,538,542,579 
903,630,916,639,971,85,303,581,965,346 
25,520,565,611,500,404,590,91,692,585 
724,165,467,952,421,740,152,658,569,349 
365,264,431,30,291,397,53,168,460,136 
35,367,573,478,69,210,806,236,940,198 
127,402,199,629,209,403,899,307,823,384 
892,705,743,100,279,987,672,618,150,245 
721,427,366,330,164,564,265,148,870,989 
379,328,763,580,3,344,354,343,208,700 
491,808,165,907,57,586,794,515,88,82 
993,520,635,602,618,73,578,31,123,894 
463,433,776,925,819,171,755,764,818,56 
672,937,592,446,815,974,782,175,134,416 
269,273,635,606,910,696,139,806,867,553 
234,595,406,311,719,387,116,723,51,485 
101,500,118,960,58,598,142,990,571,470 
46,767,541,627,927,394,245,793,757,422 
68,328,40,943,334,881,748,644,968,520 
680,365,326,492,984,203,150,508,471,535 
860,236,533,964,707,741,977,600,509,818 
67,429,79,750,521,687,964,915,955,502 
109,102,189,826,1,327,897,110,591,852 
638,86,661,532,617,714,931,193,294,733 
786,895,411,567,930,873,953,261,156,714 
776,851,45,129,54,184,340,926,252,903 
425,434,118,38,529,307,252,727,674,556 
609,660,879,227,511,463,264,275,981,423 
714,506,615,639,558,357,88,849,169,72 
383,928,528,338,155,995,773,524,419,157 
154,666,855,729,745,362,213,802,749,642 
657,945,929,166,140,496,523,423,799,587 
461,935,252,214,896,568,161,441,76,580 
482,993,41,503,947,376,859,625,471,996 
638,880,439,69,622,787,226,144,576,441 
101,689,931,975,504,901,885,272,949,621 
124,366,421,958,497,319,889,326,218,764 
34,129,317,539,685,329,868,804,167,436 
402,248,872,671,368,853,391,449,340,102 
531,562,934,679,632,946,920,855,870,646 
794,990,138,125,128,398,167,712,336,974 
581,696,619,864,500,130,440,292,237,445 
503,86,973,492,793,219,247,911,329,209 
141,44,399,772,3,355,873,780,544,7 
142,204,593,736,185,710,444,173,414,313 
654,6,524,948,193,456,999,117,614,170 
337,98,243,597,468,17,657,232,486,43 
924,33,962,403,192,719,95,228,220,196 
63,472,830,16,502,517,379,729,861,337 
521,991,346,359,139,843,902,122,248,720 
850,6,616,106,999,14,836,402,417,319 
617,755,535,172,161,367,425,227,294,83 
454,380,411,938,106,706,273,20,712,594 
275,999,369,633,967,742,113,570,26,221 
291,236,574,23,409,113,882,447,298,899 
398,738,975,322,994,158,547,929,370,68 
895,894,144,824,640,415,454,481,30,98 
470,812,945,117,536,43,18,925,119,755 
747,74,664,219,916,454,544,536,35,334 
562,366,55,721,449,616,329,62,856,824 
408,971,28,675,160,160,930,515,541,153 
746,880,642,970,559,9,424,501,66,732 
901,279,315,949,492,888,180,835,754,537 
625,118,476,832,383,213,690,479,120,732 
240,403,913,10,721,248,320,648,840,602 
573,678,981,766,875,104,505,511,115,917 
14,700,694,856,453,206,901,679,365,976 
487,153,237,703,134,693,702,393,742,981 
120,706,683,721,144,665,262,376,754,377 
675,482,769,891,474,497,256,721,673,437 
916,821,106,910,960,16,990,132,284,711 
558,195,380,544,513,115,168,938,135,139 
837,986,912,413,983,338,410,773,513,644 
582,427,595,300,486,472,966,875,693,140 
984,440,34,366,791,665,491,374,619,719 
810,108,916,415,174,843,364,989,497,576 
803,811,969,116,526,696,254,529,531,323 
15,922,572,518,921,442,373,824,741,406 
420,115,252,351,684,852,41,896,845,168 
820,198,915,163,607,429,785,404,270,343 
683,221,384,511,637,935,796,84,956,770 
98,921,958,729,104,425,560,364,341,168 
740,767,813,876,917,544,978,626,921,446 
563,605,73,101,284,346,512,869,769,887 
382,514,824,362,712,919,698,237,813,820 
846,302,783,502,83,501,596,885,167,511 
257,681,448,224,274,549,230,597,800,166 
44,167,183,293,761,716,43,592,567,631 
959,319,528,432,185,113,183,990,477,935 
458,480,117,888,306,219,98,92,700,821 
793,717,128,537,93,943,139,148,468,856 
819,516,337,201,662,952,574,221,239,353 
740,33,135,360,761,665,892,74,932,836 
928,78,79,301,449,576,833,923,520,501 
448,562,312,358,488,272,142,682,962,124 
655,244,772,304,642,36,369,551,362,833 
917,489,72,884,982,452,372,944,290,389 
45,93,994,404,165,707,56,61,874,420 
994,371,602,795,330,951,758,104,793,198 
481,21,24,216,422,355,363,477,84,461 
306,154,63,262,101,737,347,655,788,255 
743,536,56,158,236,632,330,43,857,128 
469,770,893,177,738,677,207,54,673,340 
661,516,678,934,568,917,352,69,800,860 
9,336,121,956,546,793,2,729,431,31 
805,279,170,215,168,105,935,667,280,218 
243,980,356,272,202,4,629,78,740,980 
160,816,947,972,532,825,531,513,887,649 
126,944,896,299,899,49,680,386,602,719 
739,91,423,915,988,781,81,624,802,525 
158,650,645,894,533,160,348,342,511,544 
711,460,210,961,788,878,756,676,545,471 
577,172,796,452,592,628,578,839,688,279 
402,149,35,171,750,595,596,639,973,86 
802,116,663,399,1,15,223,493,649,92 
38,708,5,686,985,571,731,707,897,283 
387,797,363,300,693,411,956,618,339,406 
483,620,792,287,571,661,693,830,227,603 
622,237,787,581,589,43,549,682,810,716 
318,196,245,413,944,124,338,422,741,559 
808,217,810,29,526,910,773,666,522,929 
629,822,496,691,29,767,843,324,364,374 
499,107,708,799,923,476,324,721,517,640 
661,190,397,595,845,533,31,6,379,139 
957,788,345,632,601,354,399,997,380,744 
673,203,928,868,903,950,152,205,53,297 
282,37,534,419,126,184,162,744,342,81 
9,82,986,548,451,486,295,414,789,851 
379,144,778,676,479,563,300,927,929,869 
837,542,758,121,847,963,536,605,875,481 
441,813,498,277,661,685,974,747,565,483 
628,301,261,443,593,895,627,868,190,925 
410,536,25,357,291,960,945,273,935,358 
718,453,884,316,570,728,513,722,400,13 
543,133,280,944,662,971,683,78,569,979 
865,133,407,184,189,226,607,687,274,418 
511,710,901,680,345,132,470,925,227,664 
612,982,153,601,683,463,553,716,773,637 
627,628,650,714,403,636,693,281,356,912 
238,105,611,970,597,190,101,800,673,826 
758,226,365,651,31,537,836,895,259,859 
473,658,774,27,925,992,763,358,717,246 
320,512,799,826,720,461,394,347,477,443 
96,66,783,212,201,816,286,634,28,882 
192,219,620,992,119,604,261,27,994,570 
913,436,486,900,476,793,769,179,480,322 
44,707,198,818,298,972,418,433,288,129 
985,918,203,169,66,930,41,132,902,928 
485,693,221,752,651,438,302,826,443,490 
915,32,453,235,823,181,66,179,717,49 
307,456,830,630,417,513,710,493,928,533 
60,185,16,683,965,246,193,699,843,850 
946,219,647,513,710,967,176,991,53,296 
678,797,466,268,880,295,494,606,6,181 
632,548,204,581,615,415,756,697,318,88 
287,748,746,741,191,280,499,570,404,388 
700,813,73,233,377,842,914,619,205,669 
221,157,285,317,218,701,781,605,328,287 
820,375,469,605,614,26,113,315,358,986 
560,504,606,526,202,425,493,884,345,640 
387,169,878,82,836,821,89,903,294,130 
579,274,265,70,689,767,587,278,591,788 
29,218,111,392,925,192,877,257,144,288 
144,370,76,566,31,897,351,646,173,774 
560,530,202,719,208,991,512,352,36,726 
959,952,122,182,533,719,750,150,22,388 
600,208,315,483,611,961,690,675,228,150 
506,574,69,560,762,265,309,976,245,755 
494,397,323,587,371,98,511,338,940,797 
216,247,495,442,607,705,405,566,924,959 
222,407,469,460,162,41,461,502,845,955 
868,421,813,576,48,201,907,938,864,692 
628,617,561,158,891,256,879,767,717,672 
762,96,793,558,498,810,498,880,312,960 
218,646,178,505,204,315,139,85,414,178 
917,41,458,413,891,853,927,96,64,234 
705,444,518,409,217,424,668,695,234,266 
991,116,410,259,787,203,912,681,14,884 
721,902,577,157,161,157,500,231,344,573 
485,788,346,613,525,679,363,439,863,900 
798,218,853,734,536,696,41,215,453,638 
597,962,446,450,280,612,982,870,966,153 
8,794,306,387,407,536,339,446,121,697 
816,583,777,125,824,434,287,296,42,338 
391,216,502,635,147,826,943,483,253,932 
254,15,604,757,100,635,994,617,291,977 
673,657,26,651,464,471,91,675,134,662 
930,431,849,400,708,794,386,354,409,517 
889,130,288,117,921,353,486,262,376,387 
579,62,646,18,73,948,455,10,953,374 
102,216,676,218,783,156,803,860,913,38 
923,607,207,973,480,871,466,625,357,242 
693,250,934,871,164,506,938,638,497,85 
552,47,620,353,796,407,191,648,14,421 
451,522,208,723,363,848,810,744,163,939 
652,242,516,531,647,481,735,980,64,390 
747,618,690,714,997,389,751,51,523,975 
803,737,725,50,629,159,296,448,322,581 
192,858,128,67,10,945,68,223,619,643 
8,239,848,237,172,851,956,760,840,225 
759,838,948,100,209,83,253,231,411,984 
876,938,149,418,139,255,698,617,95,399 
965,173,85,422,734,691,955,45,996,413 
916,542,97,64,790,649,61,911,644,693 
56,781,443,571,407,39,548,852,313,631 
261,115,495,221,292,293,767,904,625,645 
388,290,350,332,107,770,261,693,715,227 
207,807,34,490,181,291,441,253,396,278 
11,958,50,136,23,319,463,346,311,31 
699,815,461,514,226,721,881,143,942,596 
185,339,313,224,382,148,44,88,358,832 
713,887,780,739,802,562,272,398,541,16 
828,157,725,991,596,561,565,776,280,748 
91,298,98,396,630,228,655,798,126,260 
988,84,495,525,47,233,265,813,174,584 
647,812,911,469,834,576,270,435,994,214 
588,453,296,923,66,552,883,984,298,13 
125,60,278,493,289,355,536,716,971,444 
717,192,812,249,695,651,584,799,509,340 
342,925,793,285,915,962,518,557,515,247 
467,277,654,939,665,695,427,557,381,810 
20,972,970,650,853,627,894,997,482,328 
455,544,380,187,514,800,423,492,320,813 
323,85,230,153,677,343,119,518,914,544 
664,44,631,233,63,218,152,670,681,268 
787,951,807,979,840,636,556,547,504,429 
926,974,918,7,334,949,430,66,742,174 
145,519,742,273,402,935,594,444,512,783 
740,215,17,56,913,962,119,90,163,170 
105,944,195,602,937,799,240,126,365,161 
384,331,396,190,938,90,87,154,742,364 
978,41,738,608,478,62,321,479,420,979 
786,128,584,795,499,719,375,131,71,128 
446,448,3,57,32,10,905,678,36,189 
991,734,801,392,208,691,383,598,860,191 
236,130,374,945,351,696,690,175,300,103 
185,254,652,826,98,460,649,509,119,247 
795,85,385,358,178,888,81,861,8,684 
125,278,450,644,58,74,427,316,924,448 
357,21,415,548,837,364,289,553,121,37 
391,497,129,622,385,392,264,534,466,585 
541,252,607,16,242,891,420,47,496,667 
125,964,813,75,776,432,900,594,165,754 
295,310,518,497,394,140,441,968,479,517 
7,132,794,545,880,370,321,245,389,427 
994,296,10,553,753,468,534,939,204,416 
136,620,332,586,536,346,434,850,935,811 
516,833,372,722,787,224,659,662,138,286 
604,923,333,809,622,18,404,269,854,227 
370,26,400,620,486,255,112,193,541,205 
294,339,618,927,860,134,844,221,333,857 
194,88,819,426,933,664,149,2,962,665 
115,220,602,691,848,668,216,984,363,514 
119,753,490,229,694,666,67,500,321,652 
312,216,676,233,239,269,798,658,659,463 
256,580,978,818,153,905,68,177,687,746 
989,448,524,938,55,125,587,350,151,89 
141,961,665,429,132,356,259,223,604,386 
988,76,849,50,351,303,153,142,608,104 
430,592,481,808,904,739,601,792,573,855 
498,145,614,639,109,910,535,957,69,845 
218,390,972,477,42,255,934,18,695,830 
496,267,906,62,820,677,566,74,564,248 
273,234,409,143,350,771,871,261,969,161 
662,619,606,632,184,974,606,608,666,173 
686,335,377,560,598,696,426,555,699,161 
861,346,10,282,127,623,930,97,83,72 
116,731,717,907,882,197,531,331,417,776 
679,932,492,907,789,481,118,67,302,520 
564,709,951,851,181,307,233,735,910,69 
341,313,670,39,636,244,627,545,544,431 
232,372,411,692,644,895,882,620,903,729 
437,37,979,938,38,973,125,530,979,240 
927,555,34,582,187,290,640,720,702,463 
477,128,190,391,144,216,153,215,155,643 
268,881,98,560,565,435,806,286,654,146 
504,705,383,998,244,889,974,935,788,475 
445,989,901,153,280,893,419,325,193,783 
988,460,538,340,979,605,590,317,347,552 
269,375,829,379,51,875,833,944,907,866 
45,994,309,669,765,622,881,986,999,551 
614,322,201,314,756,352,994,368,386,684 
977,249,661,357,22,29,958,254,163,277 
39,927,575,89,298,796,487,195,101,34 
225,121,245,966,158,864,710,80,875,531 
541,564,5,579,683,961,366,753,614,594 
288,622,245,19,77,283,303,94,273,589 
65,874,517,80,675,581,88,852,133,904 
771,149,619,801,514,828,602,918,538,43 
686,469,428,430,794,872,708,349,362,390 
870,38,120,917,206,143,514,59,2,689 
676,597,230,472,400,838,267,854,638,816 
374,488,369,761,329,289,472,549,448,946 
470,841,730,411,519,304,281,58,95,166 
296,690,304,593,248,208,311,152,278,223 
268,588,869,819,509,971,388,426,766,123 
236,247,302,155,969,976,609,773,162,687 
942,992,670,885,516,907,220,674,550,819 
679,418,976,149,604,849,348,391,874,279 
166,448,261,367,88,424,543,225,682,826 
220,767,194,495,656,869,341,372,215,73 
503,379,128,266,68,127,455,454,147,992 
926,331,12,639,127,951,270,828,408,482 
375,123,388,649,937,412,58,662,693,58 
188,970,471,3,766,173,70,38,81,741 
670,948,659,666,820,988,61,746,85,610 
249,88,980,466,381,630,534,790,592,892 
971,24,0,889,787,441,294,318,514,71 
943,970,890,141,383,720,11,420,764,629 
930,207,653,365,475,509,733,45,628,120 
847,923,360,522,79,865,709,615,467,833 
435,909,909,658,265,216,934,649,733,554 
128,83,583,479,927,646,346,967,198,360 
689,29,682,87,218,196,941,311,666,874 
793,314,973,940,630,433,183,248,474,233 
828,962,468,721,633,558,293,304,725,444 
84,667,975,58,821,844,333,795,541,646 
734,613,460,532,973,840,103,722,386,899 
641,340,31,496,813,962,52,744,363,373 
543,953,140,899,699,923,660,526,900,218 
708,75,293,718,224,429,686,726,163,434 
845,371,277,814,887,105,463,291,267,904 
11,538,772,321,418,427,201,867,675,9 
979,206,237,649,442,79,658,896,700,977 
112,44,572,77,164,683,434,904,549,544 
796,739,986,764,801,128,50,336,78,448 
511,673,959,361,717,716,891,61,412,9 
636,630,159,213,290,645,561,735,492,257 
868,716,962,901,629,877,953,531,999,134 
324,108,682,994,667,985,832,898,787,211 
660,124,826,903,823,640,36,926,872,470 
111,465,415,283,232,161,975,803,553,316 
22,784,23,652,354,720,379,369,281,317 
133,623,381,701,336,482,82,730,863,166 
421,420,538,531,492,914,348,901,196,560 
780,553,306,122,461,932,154,679,124,662 
477,841,503,779,531,528,349,282,77,678 
989,703,981,733,670,171,916,45,248,587 
904,986,662,6,913,706,17,599,358,115 
290,251,24,43,331,588,762,913,986,140 
683,369,187,134,723,238,857,733,702,623 
905,168,735,91,268,253,60,689,246,426 
634,417,767,604,157,462,454,238,670,149 
205,707,330,454,21,582,90,529,79,62 
836,941,307,680,22,497,977,988,698,973 
450,170,394,75,866,389,25,127,932,661 
652,126,81,843,115,722,79,149,504,907 
51,329,339,930,938,246,335,631,361,438 
973,306,903,520,299,814,236,587,520,602 
705,116,118,577,859,808,397,873,541,229 
464,560,185,994,375,83,874,944,192,872 
385,488,450,779,395,307,127,878,443,753 
61,178,1,313,842,818,342,839,82,470 
315,123,655,5,413,958,467,595,799,112 
372,650,621,629,652,637,480,854,860,24 
786,459,285,835,576,958,251,525,455,338 
351,597,580,51,335,492,221,616,588,135 
861,699,527,296,488,737,576,699,523,108 
605,318,654,181,516,570,130,831,853,903 
145,104,479,43,70,160,493,251,834,220 
109,594,392,68,941,446,286,200,418,114 
512,394,902,702,410,884,605,267,186,122 
909,586,640,402,623,652,460,296,174,636 
330,902,403,593,763,9,859,88,883,814 
621,246,179,947,764,354,123,827,501,105 
390,281,637,939,977,846,539,35,273,997 
621,948,600,723,418,23,812,964,91,673 
380,624,495,537,24,597,553,176,756,590 
296,696,152,257,971,383,951,63,190,805 
122,484,6,496,417,14,13,513,637,242 
603,823,669,697,33,106,291,930,491,554 
257,858,889,166,125,430,490,632,103,809 
774,925,403,649,565,634,528,283,49,467 
140,319,78,37,897,30,242,771,663,199 
292,526,719,826,373,772,138,684,253,691 
996,697,444,584,920,679,911,632,737,710 
346,615,763,654,352,647,548,386,84,56 
858,952,10,462,529,74,960,497,137,182 
874,573,786,841,647,73,726,971,862,749 
481,908,748,316,439,365,589,945,242,377 
227,222,934,33,616,632,132,190,461,390 
191,282,669,824,774,480,905,541,478,746 
864,380,220,272,114,244,332,646,617,679 
152,71,405,785,393,621,475,214,555,491 
961,890,128,34,512,970,780,375,158,567 
23,949,639,403,732,415,544,484,134,54 
360,781,434,840,284,12,157,514,797,78 
234,268,447,78,360,346,185,221,742,268 
268,148,596,387,361,189,640,851,756,831 
161,704,135,279,627,385,604,387,287,794 
467,547,30,837,580,433,587,976,82,399 
18,578,173,799,841,318,354,989,9,642 
872,25,592,514,577,273,367,405,699,276 
523,930,130,265,594,875,828,405,204,766 
513,67,788,149,589,477,697,692,492,457 
709,455,128,495,33,246,546,447,475,97 
811,200,965,373,773,67,691,145,979,782 
945,482,81,228,47,897,290,26,506,383 
956,12,975,247,938,141,455,233,366,998 
298,183,152,213,529,936,984,303,996,219 
724,649,348,942,654,648,935,203,862,625 
798,587,623,754,836,181,512,278,293,31 
225,912,728,885,112,879,539,320,55,792 
426,829,28,826,283,934,349,378,833,94 
997,470,138,166,160,870,455,277,310,271 
856,748,24,682,882,775,437,161,855,543 
702,898,183,28,806,388,0,488,704,149 
144,639,316,214,186,266,706,590,277,427 
826,563,421,123,381,944,155,863,387,112 
376,273,746,705,818,219,335,483,776,678 
509,679,608,16,607,525,146,292,371,629 
385,308,118,567,638,1,38,959,128,115 
159,872,28,372,238,9,628,590,491,580 
496,333,815,891,134,615,530,758,270,112 
495,943,71,195,814,191,336,890,766,385 
308,118,813,411,989,442,309,358,323,290 
254,899,466,33,322,757,325,639,48,157 
226,778,192,160,620,436,568,869,927,394 
377,67,316,12,641,0,833,360,229,964 
155,889,691,35,882,246,586,537,66,853 
254,815,914,245,964,316,835,827,734,296 
911,732,243,874,611,170,926,409,74,346 
601,607,287,129,967,9,174,519,187,155 
912,484,864,48,866,679,821,791,305,237 
156,298,284,782,800,728,69,411,201,322 
629,68,406,3,771,878,125,672,289,105 
905,918,132,448,345,291,685,682,1,85 
1,189,711,359,745,962,29,402,231,635 
542,120,222,585,254,740,404,850,490,317 
863,640,729,912,201,421,534,821,465,2 
675,682,207,991,419,756,756,997,564,205 
508,567,64,991,105,734,599,806,117,547 
954,459,739,904,54,364,763,192,714,825 
200,109,711,682,896,880,316,517,151,650 
731,723,584,801,404,122,786,647,563,37 
506,117,176,527,19,988,827,350,823,972 
2,356,888,293,25,298,967,355,77,53 
848,263,909,522,792,375,341,925,365,712 
912,861,584,914,617,204,697,250,126,347 
160,157,786,746,195,55,982,172,809,180 
683,376,457,390,470,77,440,525,576,933 
469,612,49,370,851,48,537,903,186,204 
27,469,794,231,470,493,942,255,793,789 
849,871,498,172,399,356,698,239,690,77 
593,894,504,865,506,929,533,970,827,667 
947,79,612,41,154,359,625,452,509,897 
205,905,835,553,613,210,167,613,38,70 
5,629,564,19,960,489,168,996,21,108 
572,77,478,846,983,19,644,992,448,817 
52,624,952,165,516,765,961,568,435,436 
916,252,410,408,396,785,579,65,109,120 
532,139,104,473,720,151,638,743,322,758 
918,488,167,610,21,923,231,711,873,298 
736,470,842,935,335,275,934,347,107,628 
399,921,856,890,826,826,981,940,159,729 
283,254,672,942,730,561,505,792,17,276 
114,27,513,32,891,394,344,185,781,454 
245,8,809,948,508,757,479,44,456,178 
429,605,432,339,170,343,648,842,214,25 
269,886,120,888,556,795,3,881,63,182 
502,917,965,295,79,523,421,232,243,108 
95,965,396,736,439,409,336,126,903,992 
113,984,624,980,7,669,700,342,670,943 
611,222,517,877,663,350,93,876,350,704 
857,454,941,88,672,580,564,397,973,159 
737,192,983,866,228,127,26,124,260,44 
953,170,333,581,541,145,151,905,663,849 
404,720,230,21,413,225,22,94,113,985 
877,967,28,239,547,732,400,245,605,388 
146,512,310,869,331,448,131,526,665,643 
577,544,346,61,302,421,997,90,448,627 
141,795,318,658,266,759,721,96,669,41 
374,775,232,671,171,60,889,506,843,216 
177,825,792,947,372,737,100,604,287,720 
60,389,593,303,42,195,832,476,437,764 
161,79,175,41,884,349,131,163,809,0 
369,234,19,944,407,792,959,802,109,339 
504,758,885,482,931,967,638,911,250,644 
292,514,600,323,365,983,328,421,314,294 
946,973,936,584,106,329,618,753,886,379 
69,969,125,634,111,956,975,393,789,305 
604,945,600,512,869,114,155,949,233,421 
532,497,813,157,332,855,828,627,565,764 
630,745,439,503,216,574,446,449,792,48 
404,198,642,328,743,849,684,919,182,878 
323,175,605,512,104,740,83,619,531,977 
100,187,282,446,56,44,542,31,31,131 
650,480,527,465,872,421,915,936,170,574 
770,14,66,600,722,791,287,614,767,255 
380,766,747,52,542,416,43,258,835,129 
820,232,601,166,233,15,458,300,466,739 
714,76,826,146,698,595,309,682,693,616 
28,167,51,391,455,274,719,771,214,117 
722,575,339,946,59,77,551,924,52,712 
584,317,505,84,731,406,447,742,4,693 
214,893,784,496,261,176,555,273,137,657 
130,50,473,599,87,551,833,233,365,938 
889,598,327,986,810,682,505,117,964,915 
186,628,910,210,765,318,20,764,34,708 
974,32,606,700,507,347,76,441,409,695 
102,144,655,306,716,957,881,571,671,388 
311,647,91,915,747,489,559,300,428,617 
778,201,812,539,268,104,907,368,318,614 
902,818,295,160,312,624,348,948,363,793 
994,510,682,758,195,582,534,888,452,663 
547,217,895,747,71,22,857,714,870,386 
385,945,141,598,332,686,169,988,825,450 
859,786,670,640,339,620,455,650,597,403 
589,354,804,609,123,654,858,734,128,949 
745,28,682,446,25,463,672,639,686,209 
17,435,709,906,446,749,796,748,777,649 
347,412,713,714,779,716,91,414,601,174 
711,357,190,387,492,264,470,506,776,223 
739,604,239,259,390,739,567,858,458,547 
167,376,989,465,210,706,875,864,780,559 
32,794,807,615,562,235,866,829,281,330 
863,409,516,249,800,870,250,491,629,778 
993,805,268,420,374,829,733,695,722,615 
241,453,125,407,799,527,545,368,458,680 
494,171,907,538,165,267,414,400,331,93 
259,842,485,990,540,399,283,396,734,845 
106,278,102,11,321,568,745,344,655,718 
599,277,55,393,917,141,538,544,559,653 
240,502,22,549,106,225,875,614,22,467 
968,543,640,505,231,360,370,777,82,327 
808,184,102,720,738,497,780,14,519,650 
877,553,218,73,186,736,916,492,973,182 
990,661,32,265,664,484,464,117,339,190 
629,551,592,124,361,685,923,910,658,387 
559,14,710,912,495,842,658,775,294,913 
807,281,548,766,881,112,470,466,197,567 
753,500,383,733,122,75,406,976,557,349 
300,573,856,896,957,974,139,333,915,885 
982,676,420,357,575,883,609,79,766,720 
171,922,263,974,676,60,788,796,671,829 
212,440,934,323,212,659,654,927,8,582 
209,830,327,227,775,908,24,686,18,356 
276,98,581,946,162,776,63,393,520,362 
74,0,149,437,155,870,713,149,365,375 
741,98,583,839,916,553,222,996,405,989 
712,352,116,156,679,435,356,686,877,7 
588,96,922,901,771,135,720,757,321,656 
159,762,419,556,650,684,234,689,948,39 
329,772,968,409,250,353,813,465,540,693 
26,875,226,107,67,56,667,419,552,170 
697,345,638,364,632,505,469,152,942,672 
646,979,969,861,414,291,833,639,435,32 
540,152,289,432,15,407,250,773,352,940 
896,697,885,84,672,218,160,916,413,328 
178,353,278,970,592,86,678,593,343,984 
253,573,552,764,863,827,39,640,273,376 
582,846,628,959,809,156,952,798,806,153 
614,855,955,666,538,850,3,426,11,352 
70,193,520,2,924,411,512,360,30,577 
486,61,554,405,584,591,865,846,770,285 
454,84,396,122,757,101,980,838,5,934 
417,267,627,957,998,972,693,763,799,106 
872,743,332,496,911,86,415,406,801,958 
330,396,621,441,106,20,988,583,386,658 
882,301,222,959,651,242,365,72,615,199 
153,29,105,750,911,566,626,11,389,720 
340,40,405,573,934,197,469,866,515,668 
39,489,495,547,380,711,272,970,696,888 
428,796,842,166,661,706,19,393,998,155 
608,96,968,712,45,621,701,187,632,823 
528,432,104,337,631,412,824,136,31,634 
979,482,362,524,781,281,247,687,676,862 
343,863,218,555,879,233,472,585,815,584 
608,560,782,574,807,749,903,164,125,565 
668,446,531,664,477,437,15,609,317,984 
951,530,266,813,528,604,855,288,945,771 
39,726,889,872,48,916,18,729,26,352 
320,291,651,985,322,39,656,27,620,779 
161,418,326,511,338,480,45,679,762,9 
532,673,338,915,751,596,180,628,387,409 
940,139,701,13,175,521,806,796,367,552 
335,394,169,73,495,226,588,924,654,818 
757,288,325,29,475,579,957,208,796,691 
424,321,186,530,287,784,718,584,465,314 
791,82,565,514,95,689,805,824,339,966 
255,326,228,776,904,493,471,32,983,455 
109,324,356,373,247,712,155,216,835,163 
161,820,67,796,810,969,144,293,244,587 
803,912,355,986,843,839,194,732,272,856 
643,693,555,868,51,16,912,105,389,240 
145,205,497,568,80,875,113,800,120,786 
856,601,433,329,479,415,878,543,270,781 
173,158,227,663,378,880,25,824,8,177 
944,668,933,92,277,704,249,962,295,958 
627,948,806,284,912,58,415,508,1,829 
503,894,15,806,868,785,262,265,435,481 
635,908,841,122,452,250,450,370,858,493 
847,61,861,567,336,426,429,881,574,674 
744,140,827,281,221,197,249,22,859,750 
636,845,942,431,564,995,840,964,674,25 
40,952,319,409,874,231,452,661,419,185 
417,864,374,698,349,4,120,750,239,322 
237,618,671,841,989,557,492,37,230,918 
83,464,407,119,953,831,246,351,661,523 
646,622,172,448,161,825,130,698,350,181 
578,739,295,896,442,345,154,131,78,244 
394,523,424,773,577,7,817,658,932,444 
735,751,755,316,562,526,331,30,28,671 
554,150,725,306,975,709,856,265,635,195 
222,435,112,985,933,499,596,195,60,543 
410,474,886,524,509,816,536,991,722,381 
121,207,905,742,989,70,375,69,142,677 
836,299,687,855,676,258,294,766,172,504 
374,458,346,845,254,848,449,949,170,415 
232,929,3,349,470,24,534,808,261,707 
958,321,904,431,550,971,873,99,975,722 
932,896,995,942,273,768,516,910,994,664 
347,457,618,895,384,415,158,329,835,743 
179,13,670,634,995,905,615,428,813,80 
173,923,800,593,782,663,844,745,154,650 
261,179,320,633,572,436,843,56,452,723 
369,332,374,229,600,546,850,311,397,901 
171,324,498,236,260,63,203,42,973,122 
982,895,861,180,565,660,66,985,9,812 
132,148,876,718,962,464,914,174,40,516 
669,515,574,100,92,443,278,700,568,835 
569,64,715,355,990,150,941,102,872,669 
364,271,323,391,839,607,435,90,239,219 
121,28,979,457,115,724,886,467,751,558 
863,77,908,246,813,993,629,214,557,650 
586,395,417,957,340,81,967,27,837,526 
987,363,922,236,842,860,55,136,180,728 
685,112,677,397,594,314,376,37,437,711 
456,117,996,126,741,586,164,164,887,7 
84,193,883,515,31,423,391,768,244,324 
723,646,131,670,541,222,350,710,233,835 
818,741,380,538,489,507,651,938,894,222 
365,174,84,960,353,216,954,833,749,128 
743,771,749,266,718,413,356,469,918,679 
802,103,273,628,162,806,215,350,127,265 
350,43,267,229,0,164,147,996,1,159 
274,168,860,514,344,158,433,592,478,125 
669,881,969,501,565,705,321,652,984,306 
781,147,9,733,701,744,190,620,684,517 
424,963,407,557,383,869,886,79,585,251 
534,203,622,471,673,305,587,127,51,569 
58,52,233,885,802,322,256,538,408,354 
984,341,874,403,923,131,883,600,877,385 
0,755,73,50,54,726,918,167,334,546 
525,432,247,417,312,561,590,613,760,920 
156,924,163,730,235,363,144,813,214,223 
256,496,829,890,475,679,578,739,36,323 
579,574,955,950,844,555,828,364,680,347 
905,909,124,412,25,15,64,237,483,512 
371,269,507,640,578,78,344,989,980,991 
831,313,653,752,952,870,349,590,363,394 
316,558,870,325,301,814,462,695,52,599 
903,983,661,943,275,422,107,211,571,529 
481,841,220,837,928,899,544,13,302,784 
792,375,271,356,220,214,179,0,191,768 
100,748,585,303,130,17,42,188,28,835 
528,631,749,875,806,843,57,379,713,823 
747,923,711,152,996,377,910,721,394,700 
871,125,763,89,629,83,692,822,30,519 
186,380,933,250,388,939,656,456,963,749 
357,279,96,244,196,199,456,767,49,429 
398,543,394,537,957,913,255,352,120,204 
818,348,249,17,428,182,74,923,792,414 
595,668,433,625,88,223,684,105,182,612 
881,315,339,949,500,10,447,80,746,937 
442,253,930,69,139,975,953,704,923,335 
266,202,260,732,208,330,801,839,721,419 
123,603,578,994,196,530,377,715,68,330 
483,995,598,782,218,935,471,377,834,628 
506,581,264,136,946,386,295,990,933,882 
785,927,289,136,735,227,367,649,533,352 
665,435,69,913,344,875,910,327,278,235 
832,261,989,903,567,917,226,752,506,928 
962,258,319,195,511,784,493,549,630,728 
301,980,185,520,957,544,580,695,514,951 
590,377,394,728,782,618,844,83,863,28 
468,981,274,588,711,585,150,950,63,386 
959,577,907,741,952,92,111,571,870,912 
443,149,762,712,850,64,450,194,130,216 
582,370,787,384,298,380,157,79,989,846 
10,822,428,608,293,286,507,780,110,447 
977,728,620,195,999,946,813,394,838,859 
909,54,298,228,200,846,486,669,93,151 
957,301,810,870,970,835,438,507,637,779 
759,576,947,884,977,879,472,886,423,457 
316,633,209,530,175,424,34,258,530,188 
348,223,388,702,754,134,749,740,26,568 
723,357,22,305,70,319,990,668,442,365 
891,162,977,719,282,665,74,833,603,113 
730,517,509,930,525,253,135,873,209,296 
30,585,696,182,814,518,120,287,823,501 
680,397,254,672,705,322,372,781,822,107 
967,502,762,948,827,963,493,478,717,515 
154,443,332,962,16,834,588,148,875,350 
200,528,23,137,308,96,304,470,716,236 
304,547,220,654,670,277,228,384,527,982 
600,217,796,417,570,727,560,606,196,711 
84,73,958,352,745,245,512,781,98,190 
909,945,707,820,780,628,481,235,203,204 
960,512,963,279,187,950,603,228,283,133 
713,338,847,132,788,152,421,998,727,788 
474,952,466,55,364,426,451,845,993,628 
109,738,227,224,202,200,618,501,962,606 
798,964,248,426,840,747,901,390,76,30 
564,856,422,382,737,252,749,714,135,493 
120,753,812,528,628,306,3,777,111,531 
286,903,908,661,893,666,315,257,943,733 
948,724,164,86,600,605,838,147,541,991 
186,510,420,353,222,785,888,395,40,229 
461,340,960,844,578,494,771,511,940,131 
582,441,593,33,163,98,646,984,235,175 
421,725,192,175,231,135,685,409,154,758 
85,737,79,299,109,545,802,899,527,668 
63,821,828,806,830,907,509,271,474,413 
285,358,243,304,47,314,342,6,159,660 
926,863,576,248,42,358,906,242,747,694 
909,918,463,939,742,344,751,389,821,225 
169,782,673,619,995,589,80,588,517,819 
895,734,665,179,395,87,338,991,753,308 
62,669,440,368,234,96,737,562,969,235 
768,845,55,464,842,194,120,911,554,120 
600,890,602,419,551,541,418,497,211,19 
800,689,658,507,597,735,146,305,688,314 
703,233,817,671,57,919,868,262,238,106 
447,234,483,847,882,7,163,753,514,339 
817,406,842,766,536,196,312,358,445,634 
999,723,629,500,117,650,408,663,99,837 
386,330,604,559,354,957,684,46,849,331 
767,297,864,851,572,504,70,77,684,538 
181,239,402,865,328,351,344,203,195,419 
387,930,79,980,53,347,49,209,677,292 
589,440,397,717,620,959,496,609,951,17 
22,311,215,4,317,208,563,759,621,885 
125,464,640,513,122,283,45,921,35,911 
800,501,732,603,663,910,313,678,851,935 
912,820,145,600,871,684,580,805,627,606 
337,589,2,674,487,518,829,444,441,470 
966,707,521,477,522,144,706,830,82,244 
906,996,956,987,906,345,553,124,28,946 
867,642,752,878,733,765,963,221,183,305 
924,541,692,633,140,200,962,756,666,986 
733,173,240,622,952,888,381,415,905,736 
576,276,632,6,206,749,220,605,144,778 
674,792,876,659,610,532,685,914,8,850 
610,269,388,220,601,775,367,185,982,254 
803,884,84,15,285,511,286,693,241,461 
82,681,210,332,410,163,117,809,913,647 
912,574,871,243,949,151,145,213,29,530 
720,793,427,940,196,175,454,608,132,891 
929,802,701,126,123,426,669,354,631,652 
786,747,79,20,948,993,450,839,844,258 
847,101,672,156,516,539,428,168,240,997 
702,834,777,568,573,597,474,69,455,564 
309,481,174,683,129,209,119,851,112,59 
223,708,608,728,369,445,652,270,824,127 
302,218,222,839,635,570,839,954,275,209 
645,700,451,867,376,673,825,96,609,332 
107,710,132,614,277,542,504,141,477,209 
805,670,668,756,200,158,252,198,413,314 
656,578,834,382,189,144,108,586,563,61 
889,825,15,451,745,899,833,572,505,307 
652,664,101,962,775,606,90,50,448,654 
693,855,88,333,755,887,150,666,374,555 
668,829,409,21,480,599,121,281,496,165 
72,744,286,102,662,232,819,356,334,863 
882,855,82,718,164,476,692,867,884,525 
387,910,247,403,222,45,130,182,864,595 
551,941,400,659,445,472,515,338,522,842 
128,946,648,45,944,107,226,854,905,413 
554,511,893,896,264,955,643,732,232,36 
594,724,609,448,493,877,614,594,80,269 
259,205,734,935,621,291,692,667,901,460 
405,881,155,866,330,350,764,561,550,367 
912,524,155,178,602,882,981,565,765,112 
905,926,7,984,218,985,636,887,576,192 
698,84,444,780,413,116,141,42,14,946 
256,697,212,411,104,320,199,752,610,965 
21,814,203,127,260,151,976,845,907,275 
506,303,245,209,300,882,674,462,34,106 
747,777,792,519,962,485,356,250,964,477 
545,465,460,455,937,910,934,887,869,702 
428,52,972,637,984,951,527,694,191,311 
477,120,430,562,456,597,540,630,282,396 
812,174,861,806,629,952,990,157,223,347 
893,281,572,621,892,532,689,851,698,749 
864,474,410,578,876,562,957,742,447,338 
80,882,155,558,675,848,555,189,720,58 
358,415,116,953,80,684,909,410,852,863 
72,530,313,794,678,714,824,779,354,822 
367,628,954,888,638,313,711,242,700,730 
530,656,588,615,149,971,66,435,76,641 
59,986,750,530,358,644,436,254,86,787 
412,98,441,873,738,618,320,467,484,312 
466,498,408,226,359,728,477,490,599,191 
179,999,197,893,648,56,419,412,927,41 
443,870,519,430,438,789,453,908,229,768 
703,783,11,122,911,582,435,197,80,531 
234,20,208,654,275,270,361,97,308,638 
773,526,858,110,14,53,573,460,776,906 
402,477,524,67,185,838,809,127,202,722 
321,969,361,910,701,164,795,224,558,840 
252,253,553,35,743,745,30,636,81,753 
438,872,602,973,302,455,497,706,4,968 
163,292,149,521,375,240,0,835,33,375 
203,826,425,174,88,403,247,290,851,254 
142,306,11,274,50,669,682,520,23,794 
987,543,71,678,303,462,736,31,28,953 
264,103,603,571,221,589,900,466,645,918 
616,943,647,601,619,540,125,567,884,305 
335,913,218,351,676,924,260,821,135,959 
917,865,452,341,403,726,766,598,195,907 
942,736,954,525,586,507,162,347,23,113 
975,894,973,732,405,332,54,338,72,882 
673,388,872,334,338,764,287,455,630,900 
479,84,981,20,773,1,513,835,692,729 
853,111,696,365,636,439,456,522,888,13 
983,48,147,577,927,814,581,65,90,179 
186,189,662,208,175,998,108,234,529,431 
894,731,867,691,323,704,626,430,168,404 
462,736,308,19,511,852,192,924,9,902 
457,774,654,939,723,267,631,939,132,129 
806,393,11,765,539,467,675,635,593,436 
695,24,373,359,796,568,698,591,333,148 
219,769,311,11,6,499,267,249,249,198 
385,813,973,534,583,564,843,42,461,539 
951,607,115,257,528,983,362,499,792,646 
548,146,926,830,338,287,46,280,16,102 
682,811,406,128,232,505,926,786,199,156 
876,331,942,449,63,83,699,298,843,743 
837,711,593,225,191,375,700,349,698,600 
175,646,685,990,536,190,507,976,180,980 
434,262,542,960,851,78,703,834,363,623 
883,937,189,924,14,839,409,18,937,313 
341,917,157,333,207,980,875,740,564,773 
341,607,128,619,876,933,395,908,296,626 
907,807,189,948,36,139,968,831,401,794 
454,569,21,484,637,495,515,816,354,894 
798,965,158,77,94,215,277,871,656,357 
276,471,368,8,463,421,93,254,292,949 
970,483,367,430,685,873,331,792,541,222 
970,343,413,964,177,196,111,575,675,554 
575,119,640,982,421,628,802,215,246,969 
284,93,984,418,352,983,128,135,283,852 
546,987,182,955,212,438,844,558,984,629 
659,881,851,740,657,993,71,122,845,791 
121,314,566,195,856,154,316,613,267,732 
393,815,477,418,420,767,777,262,802,481 
315,815,865,625,514,872,842,837,593,963 
450,264,500,883,941,243,725,703,496,847 
283,274,290,958,299,871,749,135,366,689 
543,167,143,417,576,853,567,377,359,478 
63,77,749,55,529,209,38,641,100,669 
895,407,922,22,608,35,479,62,64,926 
688,427,671,886,454,909,413,385,230,145 
164,352,494,307,340,24,549,80,251,713 
143,369,742,337,789,27,153,539,685,100 
615,113,451,472,103,329,396,241,115,738 
906,781,54,128,961,465,609,85,540,452 
353,248,477,446,641,2,384,623,816,434 
698,412,879,459,947,684,881,963,373,944 
711,636,984,1,495,0,988,428,192,133 
474,200,629,664,32,808,740,85,831,316 
785,917,418,930,420,72,196,98,395,882 
406,479,245,306,717,537,789,965,868,975 
751,858,235,633,914,502,844,780,186,175 
413,679,400,318,959,115,617,182,586,55 
984,809,691,465,776,513,987,760,363,148 
941,622,168,344,907,619,404,662,773,573 
768,812,632,700,58,778,623,513,211,478 
961,175,820,955,702,498,998,556,807,219 
749,823,161,29,127,380,758,938,127,965 
160,439,377,543,587,719,465,782,358,883 
949,855,77,262,67,574,94,798,824,64 
589,430,751,723,575,569,58,554,815,306 
831,629,649,847,658,205,121,123,427,516 
263,250,812,187,633,423,314,581,668,497 
733,105,73,637,941,165,128,469,267,349 
676,102,945,907,3,759,831,321,239,797 
443,210,662,948,932,566,27,47,43,948 
966,56,999,89,751,588,939,679,394,414 
982,562,551,939,79,44,330,461,459,319 
154,457,597,418,32,180,32,285,493,938 
268,687,576,318,331,591,707,518,430,655 
225,662,473,12,310,229,535,386,818,893 
227,109,28,203,389,570,144,614,381,211 
508,548,904,546,405,696,476,5,64,96 
905,127,423,387,405,392,755,240,124,770 
64,249,475,228,818,606,967,532,10,102 
855,733,285,481,715,593,161,697,391,831 
740,686,904,749,243,824,9,241,731,391 
106,817,560,79,982,123,456,312,712,142 
451,481,810,463,874,684,537,216,368,285 
904,802,97,516,575,980,654,882,471,876 
634,912,149,89,589,122,865,411,778,227 
291,330,166,498,769,788,960,970,830,419 
535,8,954,754,21,869,26,439,390,491 
716,276,100,917,938,816,467,238,424,155 
204,172,699,934,264,173,272,424,19,167 
455,310,986,294,90,682,890,830,757,204 
111,81,788,446,341,202,971,936,895,656 
398,60,346,766,718,805,52,527,189,113 
870,599,182,461,476,644,708,23,749,995 
533,726,987,368,130,621,601,813,142,895 
764,547,584,981,183,535,423,827,47,795 
186,16,671,309,729,756,9,341,323,4 
418,496,629,696,121,914,475,894,724,968 
670,816,262,51,338,408,761,897,747,955 
428,421,259,915,633,799,763,183,974,174 
404,445,517,937,112,184,666,85,514,556 
897,529,463,830,786,909,607,849,746,913 
36,979,119,778,294,510,71,207,304,506 
702,801,123,576,730,641,724,361,852,860 
589,988,934,353,429,623,555,132,908,909 
328,83,848,654,317,604,453,700,311,121 
172,305,589,708,779,182,965,869,269,503 
243,707,509,970,893,903,564,942,38,820 
309,304,157,490,201,744,993,754,13,794 
843,75,404,192,880,931,793,190,770,585 
957,398,410,431,993,705,947,790,697,270 
22,481,413,229,630,299,69,13,31,21 
137,227,640,199,306,620,178,128,200,921 
108,897,25,41,93,75,339,341,125,161 
358,173,496,496,761,200,679,298,271,544 
564,746,574,676,203,203,668,287,512,193 
294,790,41,512,838,22,305,803,904,76 
53,445,553,742,878,676,581,414,436,907 
604,423,532,966,111,328,686,337,829,662 
477,977,357,615,115,940,79,432,849,188 
283,695,528,870,61,309,303,321,84,819 
521,10,782,909,978,108,842,28,894,573 
737,990,286,724,377,72,664,223,616,819 
969,65,937,596,490,695,342,838,820,484 
43,58,386,658,562,398,386,353,649,452 
55,645,332,705,598,215,79,126,754,774 
213,963,358,614,62,111,415,870,456,117 
380,207,445,184,450,177,917,638,992,184 
336,859,276,531,154,213,793,373,523,236 
454,628,266,988,403,783,126,139,818,805 
512,461,488,384,24,480,183,97,962,785 
249,309,444,653,915,868,632,844,140,178 
617,847,48,855,331,762,741,809,780,501 
121,465,312,444,54,755,382,463,268,662 
421,660,561,772,761,983,439,636,592,643 
810,987,956,707,564,329,917,874,159,671 
548,592,383,926,478,485,857,538,179,232 
292,278,434,137,355,970,947,557,443,935 
808,871,863,266,873,819,902,831,347,246 
582,941,188,353,399,711,581,948,846,491 
324,112,188,3,533,205,891,321,373,34 
517,448,819,202,360,389,459,411,330,580 
961,979,869,975,822,651,502,490,289,213 
768,425,165,994,417,754,35,44,517,256 
76,634,15,716,917,538,273,80,856,112 
875,726,91,237,512,738,103,923,241,841 
638,901,924,913,746,99,845,903,894,362 
87,272,220,786,518,263,691,986,580,381 
457,622,87,695,541,840,460,81,794,525 
410,441,553,422,253,398,6,958,21,822 
316,684,634,135,24,230,718,293,911,197 
816,522,93,944,984,852,675,185,172,545 
788,451,502,77,252,741,7,492,806,520 
493,235,840,316,276,256,37,457,171,74 
167,545,790,298,766,467,196,593,714,994 
340,668,673,308,969,859,741,294,831,791 
781,605,872,921,830,679,792,279,206,368 
833,297,173,705,236,466,961,418,61,58 
932,752,729,880,308,994,495,477,407,525 
352,300,728,648,540,653,74,369,651,24 
16,854,276,71,959,896,645,485,89,594 
736,266,239,431,903,784,842,809,492,904 
238,694,719,949,875,797,500,763,561,823 
720,40,183,304,168,0,320,68,710,735 
867,518,265,351,190,324,552,81,679,55 
492,384,94,190,239,25,921,833,228,422 
13,123,251,586,119,737,785,488,373,88 
386,28,299,747,949,562,325,801,531,885 
54,453,522,24,411,815,892,217,79,200 
559,908,660,707,721,803,843,454,954,778 
504,584,670,592,53,380,325,490,648,308 
665,682,44,185,84,630,554,822,667,587 
121,917,330,799,169,913,533,845,480,963 
569,923,238,384,349,56,516,70,808,530 
596,631,632,380,940,927,236,724,245,88 
175,730,779,789,410,716,704,675,820,966 
89,178,416,783,740,715,3,495,764,701 
281,733,627,816,836,533,708,554,567,519 
298,567,317,626,504,955,721,790,909,515 
33,506,435,906,916,714,525,599,501,946 
451,452,644,208,603,353,63,843,214,207 
50,186,532,601,184,344,228,388,12,747 
548,927,705,475,794,829,842,824,37,647 
871,812,715,943,436,191,7,904,560,705 
782,17,183,259,527,552,588,534,541,267 
431,717,186,761,407,759,105,783,348,676 
448,111,835,497,609,651,183,262,731,703 
336,92,409,141,787,36,327,834,478,491 
101,469,326,833,522,295,343,793,181,357 
215,211,898,635,967,341,136,516,687,456 
171,964,381,79,339,510,914,770,272,81 
921,528,232,581,205,35,7,364,270,845 
650,603,119,409,200,367,559,964,917,173 
697,299,476,978,627,166,264,889,520,321 
79,251,34,635,700,512,383,767,639,523 
215,384,139,188,576,226,628,495,813,971 
172,858,2,489,808,844,644,133,995,945 
257,180,751,978,12,151,955,849,682,128 
45,466,414,917,29,605,565,513,940,775 
832,61,456,513,820,214,469,144,103,984 
873,683,912,153,444,508,627,360,681,813 
865,435,734,924,400,624,724,761,476,27 
307,724,953,967,294,739,460,360,326,121 
933,652,829,131,491,570,162,715,716,170 
404,383,719,660,580,181,417,941,323,797 
488,309,701,392,22,515,97,966,622,97 
695,683,108,452,5,147,476,220,941,277 
427,890,742,188,289,391,549,720,523,161 
815,468,460,648,974,160,11,391,279,518 
669,318,940,690,408,989,146,138,33,643 
681,525,626,907,323,680,452,432,931,19 
84,167,724,811,965,987,203,224,619,135 
466,238,551,747,281,225,556,233,731,826 
852,194,59,279,199,410,809,550,178,458 
524,289,184,244,629,669,640,488,374,988 
770,93,94,267,983,356,859,158,772,54 
570,48,178,886,437,294,614,9,921,787 
496,314,339,662,946,962,383,615,215,804 
581,801,717,655,161,480,632,701,244,812 
805,440,564,87,183,531,917,520,434,406 
314,378,658,772,181,326,318,255,254,916 
111,667,667,113,351,728,52,618,624,153 
490,911,674,1,220,195,520,125,918,320 
879,901,774,359,780,284,756,101,57,158 
821,601,580,57,28,1,644,276,486,485 
281,925,456,59,63,879,207,713,518,184 
308,914,314,816,802,639,802,381,133,559 
694,628,41,33,650,458,404,446,57,680 
521,948,544,469,914,844,553,981,505,741 
624,855,123,322,206,437,474,742,567,828 
605,696,778,955,710,769,621,745,344,746 
794,983,442,83,681,724,156,942,147,215 
926,690,769,95,480,988,71,191,377,215 
817,237,783,444,968,441,559,221,952,107 
954,755,897,373,901,47,24,152,155,85 
514,762,305,685,629,972,205,260,650,474 
892,255,170,804,807,383,348,554,697,880 
521,780,808,651,901,255,741,924,777,203 
801,437,761,393,118,25,583,330,0,30 
195,723,542,105,448,381,25,645,243,216 
568,662,210,392,708,424,143,143,567,949 
240,170,476,963,109,16,235,667,389,877 
444,990,268,997,821,154,445,315,953,962 
544,825,71,628,409,770,500,948,109,859 
566,638,417,345,103,481,321,28,514,950 
425,688,477,568,436,532,66,381,398,867 
652,314,952,40,443,342,416,727,388,125 
26,839,263,308,504,739,590,252,625,647 
120,159,192,784,951,848,572,972,948,983 
88,153,564,778,726,10,55,919,532,347 
350,613,835,797,414,203,872,413,701,488 
226,247,568,922,327,769,782,690,306,514 
53,108,853,609,943,396,590,73,920,940 
874,82,15,162,475,163,519,350,7,475 
369,561,287,664,727,386,440,599,583,130 
841,193,26,63,786,94,384,181,613,435 
2,104,460,943,684,407,191,860,437,930 
863,41,972,380,988,612,481,995,848,5 
949,516,262,509,278,580,426,293,243,378 
775,372,457,176,679,968,400,855,338,805 
381,890,70,755,876,163,238,329,361,690 
939,104,467,204,700,659,430,72,803,570 
108,741,622,222,864,543,430,775,638,232 
80,809,938,187,198,212,580,979,793,427 
772,3,188,956,383,119,264,270,86,719 
216,937,968,11,504,399,740,66,943,937 
581,117,590,252,489,400,876,930,664,497 
807,156,70,633,649,309,92,463,253,354 
42,308,364,790,969,473,705,882,96,668 
973,553,998,650,855,698,62,438,676,231 
460,623,151,890,826,808,85,407,479,225 
247,804,605,371,869,684,525,761,340,731 
225,498,563,285,542,66,680,392,692,152 
842,679,572,531,906,936,821,237,451,813 
898,314,483,638,684,497,893,176,823,577 
213,199,179,607,895,943,778,707,772,936 
760,971,794,64,900,919,526,586,290,900 
801,300,243,132,452,278,410,698,106,590 
627,883,841,97,530,16,563,780,484,264 
23,913,998,163,767,292,145,441,287,261 
183,856,233,976,301,252,327,904,884,121 
686,370,317,549,915,653,177,184,317,744 
834,333,934,84,898,170,583,952,942,939 
575,348,446,118,736,253,252,63,71,670 
566,891,726,136,441,345,215,848,28,572 
335,838,655,318,116,671,959,103,549,136 
71,739,357,323,27,537,963,110,460,679 
784,902,83,459,678,843,804,685,682,477 
137,16,430,932,567,639,166,733,745,68 
492,224,632,803,242,326,724,238,596,608 
49,610,103,307,576,678,546,592,545,547 
47,936,890,79,566,132,799,588,799,914 
206,478,633,931,661,185,260,258,274,528 
656,231,719,850,168,465,921,439,126,779 
627,369,35,197,532,982,467,259,521,841 
187,890,968,88,585,319,714,696,471,386 
956,412,634,239,515,677,773,693,489,331 
581,7,320,954,9,449,386,392,193,885 
219,266,599,882,251,62,374,526,116,35 
222,178,828,765,736,612,959,869,796,362 
325,453,69,50,619,809,598,279,481,905 
988,117,447,387,311,573,293,477,765,540 
301,272,477,295,775,224,893,369,905,336 
913,764,321,530,865,750,609,44,357,467 
453,334,615,304,995,552,877,448,200,145 
954,159,883,834,152,339,553,89,717,763 
804,57,367,488,160,438,724,32,100,94 
170,81,609,35,912,74,786,645,383,69 
560,173,393,497,273,205,692,293,277,419 
859,846,284,299,258,705,95,660,43,316 
578,67,634,422,938,99,417,759,169,911 
937,594,427,550,158,712,99,485,61,998 
920,370,84,278,502,876,471,251,306,456 
419,461,13,751,120,381,148,67,984,803 
962,968,718,763,979,815,628,733,350,61 
454,812,949,19,397,494,740,951,657,562 
36,495,486,697,379,813,937,482,114,966 
407,385,947,533,346,586,820,53,233,327 
68,515,243,642,569,554,104,60,956,720 
84,995,722,309,977,258,695,35,816,154 
729,689,387,494,870,498,858,813,995,323 
632,697,555,322,177,812,864,234,418,266 
401,642,781,1,431,861,944,717,421,956 
385,384,325,712,864,326,897,252,169,919 
172,766,780,710,526,326,219,486,781,903 
991,213,839,363,727,96,705,292,311,21 
74,260,489,976,849,77,978,965,815,709 
331,156,83,794,26,787,1,547,461,29 
78,510,43,8,714,606,919,333,706,309 
186,224,88,943,971,286,562,207,757,279 
388,234,573,313,651,897,791,108,408,277 
692,236,804,811,130,41,38,279,664,914 
126,628,92,976,781,257,363,871,187,80 
429,487,469,736,890,417,673,306,629,260 
47,752,203,192,998,801,800,850,991,962 
159,501,402,247,483,250,724,806,854,486 
882,652,461,258,660,481,479,432,777,551 
713,785,770,816,311,235,910,685,424,0 
242,267,239,474,218,111,409,642,473,586 
880,943,953,72,579,532,631,795,847,323 
878,588,31,693,502,457,467,739,257,146 
496,439,570,214,356,587,138,35,772,731 
48,882,628,151,564,352,154,800,329,584 
639,516,549,14,315,237,494,688,508,163 
194,229,986,746,323,831,955,830,581,596 
374,899,357,824,942,49,24,23,165,372 
958,286,378,497,897,1,560,61,253,943 
69,864,958,577,412,446,473,490,495,614 
56,993,668,732,613,849,899,745,705,121 
353,426,690,47,220,574,415,680,220,432 
730,587,434,773,401,395,720,391,744,747 
284,280,142,876,250,539,394,241,782,251 
67,876,587,239,305,329,90,53,507,376 
986,732,350,768,440,350,22,359,587,97 
100,750,71,287,900,729,693,155,522,924 
27,940,849,537,197,255,751,631,303,724 
521,508,653,555,22,490,570,591,658,896 
481,432,362,615,628,255,102,701,478,858 
352,863,623,727,960,734,812,213,985,508 
800,502,756,825,3,73,399,798,460,549 
961,770,486,87,364,906,93,508,56,563 
868,34,936,724,421,32,699,927,748,943 
602,494,640,328,89,826,94,68,987,894 
539,891,126,34,134,292,8,492,185,947 
253,424,738,976,126,784,666,932,976,71 
81,855,174,824,923,581,867,756,59,215 
584,303,19,341,342,636,165,233,201,207 
881,350,146,680,124,64,615,632,265,566 
40,275,446,882,377,957,974,153,15,618 
902,989,553,558,543,271,149,339,591,258 
579,728,499,788,210,902,445,958,29,350 
390,442,34,198,521,507,695,907,484,928 
465,801,19,531,130,517,667,878,742,411 
815,29,939,827,891,806,786,783,307,829 
78,432,230,516,104,909,357,552,100,173 
386,975,204,796,502,421,167,274,51,749 
782,513,635,556,683,669,211,898,446,606 
992,954,229,240,604,241,815,836,29,219 
661,559,275,792,597,120,275,878,901,743 
540,480,441,353,645,308,929,488,42,875 
9,423,817,345,142,964,381,204,834,470 
623,897,421,469,27,626,152,608,718,3 
214,786,954,164,770,6,251,921,847,370 
257,333,104,408,11,502,805,526,220,385 
430,111,469,166,23,379,391,182,488,41 
715,553,984,253,655,796,438,781,303,87 
739,461,14,29,7,370,800,276,550,876 
414,949,375,68,948,261,737,437,290,362 
403,199,189,569,46,86,890,796,952,25 
102,625,104,822,613,117,209,755,845,841 
182,288,942,818,712,9,672,44,391,183 
513,745,850,893,122,162,764,167,948,984 
86,255,692,45,611,418,457,292,971,575 
246,895,983,48,32,158,694,897,637,829 
651,805,127,791,604,783,292,175,518,750 
459,245,362,986,501,397,726,795,670,611 
249,394,935,386,895,790,697,213,413,192 
111,669,106,811,968,96,235,522,968,243 
737,118,43,238,872,535,757,86,878,559 
456,528,958,310,363,120,865,576,12,753 
769,43,138,439,969,997,985,65,195,682 
266,579,255,818,439,927,805,113,712,211 
168,881,989,366,615,66,576,171,553,273 
613,608,317,574,426,193,243,663,301,525 
986,250,638,363,406,712,523,141,525,821 
530,809,199,988,166,289,608,608,800,657 
844,669,105,430,269,684,554,205,388,533 
305,281,530,671,664,694,9,955,867,75 
140,247,686,333,335,566,313,725,956,244 
961,844,132,303,980,373,263,370,920,584 
800,35,288,143,823,212,44,618,220,671 
412,181,381,834,738,137,500,18,449,575 
184,683,597,912,831,861,984,371,925,779 
830,446,267,469,575,901,846,598,6,297 
691,96,274,407,973,266,896,41,866,51 
147,42,496,121,522,931,703,746,876,723 
731,436,618,371,817,184,88,119,451,192 
970,856,290,817,792,766,959,44,677,307 
734,663,498,619,415,329,882,959,602,626 
801,521,735,32,678,242,79,158,114,927 
810,447,756,946,22,840,754,957,872,244 
246,385,355,201,538,620,914,511,202,721 
963,937,125,506,99,204,231,128,568,132 
198,299,782,142,623,53,617,336,637,616 
804,469,997,680,892,181,432,763,765,32 
590,869,718,523,179,585,451,115,177,81 
471,30,899,846,308,186,392,283,625,573 
668,972,431,227,79,844,215,830,888,996 
435,616,162,647,136,828,456,250,45,194 
392,217,82,857,962,268,312,78,748,953 
169,235,611,67,884,668,96,913,695,330 
852,17,393,546,745,610,187,632,839,361 
26,100,344,939,189,719,113,626,573,711 
621,307,853,678,487,508,111,217,212,202 
433,132,498,704,178,803,689,636,621,283 
813,715,577,14,445,389,762,678,107,203 
224,889,704,973,337,242,195,416,662,232 
30,228,431,88,318,572,604,310,5,447 
617,121,709,979,508,508,555,513,902,368 
909,195,100,703,913,906,410,187,372,805 
435,829,172,739,551,546,915,793,537,192 
968,375,19,454,395,821,968,217,149,292 
190,563,730,695,535,349,52,423,490,277 
781,213,267,499,737,771,115,494,613,364 
629,660,704,826,463,966,188,758,369,969 
177,65,717,689,79,553,538,912,541,720 
703,172,547,815,537,799,352,871,297,600 
57,8,645,559,871,194,65,197,555,729 
658,305,761,718,863,696,951,783,76,52 
104,833,604,229,497,436,90,805,166,53 
804,132,866,881,253,132,634,788,542,583 
917,858,280,101,875,429,120,634,990,781 
191,788,353,29,885,162,291,994,698,119 
776,927,993,366,213,531,177,152,549,740 
128,625,605,181,14,176,745,467,828,309 
481,605,168,653,91,346,398,712,14,844 
132,892,984,426,634,394,877,547,180,30 
564,30,805,725,32,23,210,231,472,492 
960,331,83,325,786,882,868,202,788,467 
197,6,373,958,371,257,460,12,518,348 
43,771,51,445,208,400,480,819,653,597 
436,475,294,18,104,656,371,623,190,218 
681,152,548,789,425,825,821,466,308,305 
61,243,609,667,190,7,437,398,348,53 
374,559,321,966,924,989,629,131,988,2 
990,53,787,313,336,396,83,434,266,431 
149,547,13,106,715,649,441,678,16,60 
189,994,783,768,931,911,685,831,366,561 
684,972,161,393,308,475,253,935,848,925 
502,861,259,791,363,679,653,753,128,543 
398,476,441,76,805,357,750,643,101,598 
758,214,453,148,873,120,154,395,46,411 
84,661,645,336,626,489,946,597,106,464 
886,269,505,188,892,258,347,441,517,365 
480,421,169,454,772,172,491,175,817,75 
279,706,82,614,530,323,310,798,966,985 
31,762,745,630,991,86,417,493,591,545 
550,99,819,664,683,94,164,544,451,546 
507,889,212,554,727,581,51,380,524,736 
764,613,600,402,659,364,715,503,820,707 
490,192,851,831,448,843,105,336,98,53 
677,220,149,215,402,367,951,774,378,597 
718,324,87,607,849,845,681,508,345,156 
698,423,451,827,898,422,789,434,263,11 
906,878,188,883,980,75,533,827,901,4 
828,883,802,167,132,491,221,526,640,657 
829,271,942,589,284,662,749,772,605,688 
176,928,863,264,430,849,411,279,207,700 
494,412,206,953,307,363,158,427,280,18 
690,585,691,278,380,417,210,740,129,740 
420,803,48,885,238,383,437,395,150,281 
679,509,325,561,602,749,277,574,801,381 
784,828,844,366,496,916,1,472,256,521 
594,516,622,686,828,493,315,230,431,804 
177,595,238,27,136,192,621,321,276,466 
90,132,527,257,498,397,78,724,905,549 
659,258,668,366,431,373,15,596,329,489 
654,34,384,571,82,632,57,100,891,274 
5,149,860,141,889,724,159,458,763,492 
6,733,351,723,307,207,316,212,965,222 
973,541,824,983,367,212,359,834,284,690 
576,900,626,153,340,154,508,210,417,945 
530,135,414,186,983,23,387,962,807,823 
387,120,515,734,935,32,587,921,224,717 
366,989,64,755,281,940,21,17,10,870 
347,629,871,184,445,602,280,938,576,317 
878,883,868,181,302,447,32,833,382,600 
81,435,731,634,302,226,85,64,995,221 
103,61,328,587,119,413,366,256,854,826 
117,866,364,498,301,42,307,589,463,237 
430,788,238,994,719,333,720,62,962,811 
691,307,785,890,542,415,68,657,949,665 
660,152,352,534,485,537,857,625,166,955 
432,850,150,441,693,125,261,41,680,907 
596,432,16,118,378,474,871,853,764,888 
119,848,847,602,963,557,989,308,44,864 
666,486,759,234,922,290,383,504,418,338 
636,133,879,666,847,682,750,369,488,105 
465,21,335,841,187,108,148,43,465,543 
203,715,324,497,695,98,847,725,818,256 
689,333,406,159,592,407,91,467,179,226 
198,158,73,30,906,56,843,450,157,323 
443,735,602,940,352,937,358,613,999,773 
521,144,519,710,507,718,633,346,873,910 
163,49,515,857,87,606,443,761,188,782 
819,530,321,718,267,601,417,25,694,289 
952,550,17,572,944,896,719,719,192,767 
108,910,354,380,44,30,671,497,654,1 
26,439,842,556,958,961,716,957,260,974 
941,808,141,108,61,345,600,247,479,291 
944,26,904,655,789,948,293,553,958,563 
352,172,440,303,334,349,22,156,121,76 
933,35,853,775,554,747,521,458,522,777 
268,201,301,414,538,710,768,39,601,173 
806,264,132,500,107,458,699,128,621,756 
261,803,247,389,75,538,27,375,210,187 
491,63,653,27,507,825,957,485,911,785 
638,383,157,404,47,831,543,357,973,699 
311,571,380,485,607,488,636,453,636,500 
12,504,798,7,197,951,447,94,325,218 
989,701,767,699,262,251,948,664,799,963 
960,328,97,967,475,118,696,759,282,227 
921,694,849,662,576,357,504,887,579,793 
335,89,695,976,39,525,549,377,47,387 
96,177,679,668,173,2,485,139,87,414 
482,873,95,505,119,880,717,836,481,111 
533,590,151,844,888,237,596,425,790,578 
165,285,325,475,800,2,889,986,454,334 
816,858,840,219,673,785,906,610,0,49 
206,69,360,337,583,809,670,777,96,906 
957,995,65,864,364,124,85,480,152,625 
115,109,991,607,655,85,610,467,845,312 
814,224,9,947,264,206,141,99,746,255 
264,333,735,366,128,427,198,969,940,320 
238,125,680,164,87,104,141,723,400,217 
52,751,787,787,871,622,289,89,773,983 
515,156,408,54,366,712,53,951,922,901 
391,63,752,344,704,173,797,105,61,216 
79,968,772,746,138,193,629,610,424,30 
314,40,435,428,52,177,160,517,604,818 
370,492,451,89,448,848,215,646,620,200 
562,849,81,196,904,502,576,108,709,315 
719,754,984,706,823,170,896,337,976,450 
330,311,443,556,452,177,988,72,209,666 
137,654,969,26,420,258,605,797,97,560 
404,60,772,759,108,137,290,266,888,635 
482,289,82,378,129,678,942,692,70,619 
763,574,192,49,639,974,114,292,597,237 
272,858,782,178,978,442,361,994,954,601 
568,691,874,391,161,455,279,281,893,807 
796,87,513,69,701,477,310,483,833,831 
375,529,850,758,190,825,93,319,652,247 
472,923,396,37,829,657,794,435,426,294 
485,587,353,367,45,715,427,934,227,475 
380,400,461,470,547,295,346,557,217,515 
768,967,27,459,311,333,917,977,57,529 
13,476,369,703,225,663,70,572,863,742 
514,435,967,801,99,495,742,385,365,42 
378,576,825,307,717,549,319,990,848,652 
483,318,301,820,567,62,897,506,733,5 
300,244,95,799,574,640,765,696,16,273 
26,363,4,979,724,297,603,198,134,901 
577,527,588,300,518,485,209,419,963,78 
128,840,655,274,390,954,518,359,752,869 
405,859,279,629,292,129,996,772,112,162 
97,870,540,556,902,857,331,937,957,851 
981,822,947,652,204,428,555,914,793,92 
224,98,272,818,86,708,997,100,830,808 
793,452,429,221,53,465,335,769,33,780 
93,914,298,774,856,570,166,543,737,889 
165,857,400,780,774,491,460,676,883,545 
965,842,786,233,412,390,592,816,811,158 
228,163,182,131,46,74,310,800,866,662 
230,132,509,980,508,462,179,841,726,688 
2,381,285,452,878,556,499,396,834,415 
349,390,48,226,220,763,581,654,734,553 
852,742,44,86,237,503,808,325,18,961 
190,973,222,578,467,429,98,434,934,964 
981,361,889,164,112,876,403,663,787,350 
30,513,647,267,625,917,753,120,89,812 
376,294,881,135,827,758,378,438,778,566 
240,154,39,841,276,212,960,29,223,353 
661,598,802,764,352,416,39,419,990,914 
995,199,376,869,986,930,534,275,943,797 
505,941,343,937,539,933,617,307,342,178 
884,493,573,794,781,911,635,794,955,829 
86,688,417,146,863,953,935,522,874,591 
941,325,252,610,790,823,509,136,228,812 
676,535,102,737,113,646,987,69,219,300 
97,719,687,688,959,353,209,791,899,634 
178,77,977,762,983,762,312,534,82,750 
66,899,207,39,281,687,308,190,545,571 
413,378,541,620,900,141,281,145,626,43 
106,295,452,680,253,976,901,433,491,387 
916,618,151,309,794,407,960,180,258,391 
474,667,373,186,27,498,1,139,165,805 
421,544,871,237,788,694,184,860,363,866 
697,18,745,842,901,12,986,282,937,556 
23,515,82,651,982,653,871,947,210,101 
988,194,575,10,327,664,260,602,27,185 
133,865,607,806,83,505,99,238,139,485 
822,842,216,631,150,31,597,826,949,300 
971,225,396,410,979,822,503,196,777,383 
716,260,822,979,586,357,232,243,586,991 
760,307,108,804,623,343,545,65,54,218 
464,289,841,514,24,203,870,456,761,236 
408,83,191,855,43,140,524,377,219,492 
896,929,606,905,839,28,282,888,504,823 
412,324,902,485,582,980,357,201,812,939 
2,181,12,649,791,568,207,895,722,207 
792,264,377,746,296,202,620,991,892,524 
118,372,444,378,761,485,632,355,758,758 
281,548,150,443,537,221,344,691,504,408 
575,338,764,435,887,901,332,371,933,105 
385,584,952,660,561,624,663,925,602,507 
759,280,800,990,417,793,491,451,15,514 
648,445,433,808,233,97,297,911,92,936 
670,797,413,817,513,532,897,491,162,241 
912,608,397,226,270,773,911,765,318,975 
959,851,219,655,75,411,389,758,952,178 
716,803,581,577,820,441,853,263,6,966 
711,205,870,526,100,984,254,63,596,945 
543,564,277,873,238,333,769,144,667,918 
546,900,730,755,965,367,219,741,377,217 
948,534,738,724,65,801,806,911,701,69 
611,810,984,264,771,280,397,800,78,467 
135,421,603,401,303,786,826,883,181,778 
664,983,824,607,575,139,667,309,161,418 
735,230,818,452,927,430,64,85,700,583 
712,903,109,663,765,891,394,388,103,43 
717,634,670,203,630,924,802,302,586,454 
529,453,231,211,235,714,415,346,158,779 
518,843,121,354,825,744,415,16,37,39 
642,945,673,731,832,483,442,745,735,801 
289,345,377,973,946,931,468,593,204,984 
769,950,480,843,438,278,48,12,914,411 
53,676,717,539,164,728,898,691,103,956 
737,264,828,848,189,100,596,64,783,862 
786,565,293,154,885,89,867,632,676,551 
300,569,22,393,765,731,171,436,718,37 
2,70,30,862,479,96,98,337,136,142 
841,122,421,627,887,772,122,305,652,339 
811,934,657,140,555,706,150,901,936,29 
658,631,886,749,800,432,526,293,43,285 
235,90,766,404,538,775,707,823,627,408 
669,629,648,875,467,362,897,386,244,383 
409,13,74,492,824,213,741,906,478,492 
893,5,761,639,698,759,899,285,443,472 
716,1,426,960,71,547,417,975,875,398 
715,395,656,578,705,873,372,865,719,64 
370,671,851,774,293,186,337,398,790,513 
614,81,312,993,95,353,412,867,108,333 
70,761,439,966,451,631,731,337,254,118 
227,133,37,915,529,356,116,879,783,22 
150,447,13,368,380,84,655,476,980,493 
642,2,94,336,548,52,997,800,909,904 
121,127,318,174,349,229,548,905,178,609 
496,203,543,836,54,992,475,205,608,316 
49,974,647,73,975,886,694,713,123,368 
906,138,177,673,74,199,590,463,799,275 
826,548,15,792,782,514,85,710,130,945 
373,23,793,619,982,798,172,768,744,432 
95,933,311,580,12,8,404,780,562,702 
998,485,625,334,802,146,917,70,884,316 
117,683,921,327,23,790,843,934,826,433 
808,183,943,994,767,840,516,846,15,152 
86,111,790,819,539,568,779,78,242,597 
442,280,599,783,729,433,999,525,427,524 
44,262,928,240,61,563,206,45,902,626 
401,289,975,180,843,34,843,920,408,101 
119,185,904,334,701,426,201,489,109,402 
217,340,591,619,701,559,87,60,913,268 
509,902,853,337,48,147,16,373,406,410 
643,342,306,400,460,808,427,736,246,282 
893,371,609,635,279,235,28,610,872,873 
203,931,654,366,470,213,165,399,73,512 
104,177,297,564,566,12,266,356,180,788 
250,113,252,955,680,492,687,58,543,467 
500,206,713,357,29,359,146,912,522,163 
618,15,196,34,118,506,832,842,316,693 
101,731,97,427,404,357,122,619,588,77 
259,256,871,351,710,46,733,645,75,792 
795,133,352,847,247,960,734,461,730,31 
481,856,58,673,881,897,203,527,81,316 
826,480,996,498,622,728,15,186,451,979 
766,287,308,368,439,915,892,32,853,745 
586,358,698,943,175,440,301,466,732,595 
635,828,68,918,77,928,20,869,702,510 
891,997,760,530,586,375,770,23,561,126 
735,409,378,882,5,264,998,351,577,712 
963,279,772,406,719,812,876,853,380,706 
602,573,32,601,307,997,95,344,173,928 
743,980,976,611,768,153,246,726,334,552 
232,105,645,118,103,982,535,813,44,332 
924,563,332,916,47,488,300,644,321,142 
333,840,109,929,691,697,839,269,608,630 
121,135,744,311,948,156,216,976,863,309 
112,690,743,748,82,981,900,8,567,778 
563,245,77,406,277,167,350,416,907,276 
791,187,36,305,819,902,406,981,700,233 
236,90,838,819,970,89,984,286,450,157 
359,420,233,472,249,883,380,266,315,603 
233,297,0,481,619,778,486,476,549,444 
30,36,122,877,392,2,239,943,225,403 
478,834,26,214,232,373,302,269,581,415 
207,120,19,56,270,412,753,237,53,643 
135,687,147,197,660,309,59,125,116,976 
649,358,380,252,707,844,298,175,599,695 
494,954,735,321,855,196,269,361,691,966 
397,960,775,657,878,577,223,667,836,622 
275,129,261,629,135,303,213,281,853,146 
313,45,440,934,173,539,328,635,82,779 
893,538,952,319,913,470,179,787,479,894 
773,538,962,703,456,419,836,669,102,778 
980,946,975,627,26,32,318,98,770,544 
576,278,874,437,146,572,42,674,279,511 
575,224,227,845,892,972,806,660,782,13 
760,932,26,963,213,470,142,75,310,170 
489,239,884,95,407,626,833,26,316,945 
341,65,180,101,314,514,261,933,276,117 
659,193,392,64,758,881,496,489,689,627 
297,630,241,756,929,304,264,758,104,822 
229,743,978,630,290,962,453,94,554,463 
638,209,460,101,426,53,121,232,876,649 
86,598,786,459,894,995,476,175,888,28 
219,124,104,808,41,961,132,235,122,557 
157,420,374,476,856,462,115,637,808,476 
219,568,330,381,303,381,685,184,352,144 
612,617,453,544,113,448,686,535,415,379 
564,723,724,114,730,875,1,960,148,878 
360,473,147,420,417,255,747,104,17,855 
9,53,815,128,227,846,116,75,406,2 
743,790,78,828,338,355,190,64,84,150 
172,690,836,723,920,160,790,133,633,744 
629,788,316,372,670,670,282,713,429,886 
460,656,543,521,790,611,187,581,565,473 
789,756,126,173,271,462,509,809,214,638 
686,608,591,707,812,728,309,526,300,446 
545,547,573,388,700,440,694,142,987,154 
811,298,911,639,262,317,687,119,86,362 
373,228,551,701,547,352,310,126,928,765 
526,241,538,455,732,658,513,206,371,679 
446,496,45,93,7,795,399,420,304,512 
696,511,190,883,558,699,787,415,13,313 
962,254,124,582,950,518,365,663,307,816 
89,346,56,337,990,840,712,83,319,207 
716,342,878,124,582,320,672,293,877,684 
277,405,608,558,938,272,72,860,861,102 
198,425,460,717,166,451,627,302,519,452 
520,530,632,845,293,110,465,638,729,657 
155,107,187,494,765,721,884,229,116,886 
703,963,142,149,656,202,563,673,31,916 
168,609,584,409,513,498,888,224,67,858 
557,217,499,8,66,105,750,562,854,855 
606,782,528,499,974,34,361,134,803,415 
302,565,182,359,193,255,474,591,771,206 
30,648,448,314,88,96,270,560,415,693 
251,994,187,569,219,105,675,641,747,229 
866,48,629,589,335,145,760,545,799,506 
275,788,177,123,806,464,118,341,804,682 
571,343,929,356,597,348,332,561,384,929 
666,443,220,834,311,680,68,980,769,267 
956,741,315,343,350,600,738,502,481,876 
920,40,768,716,514,159,586,441,24,767 
698,980,681,523,141,440,401,307,556,507 
256,113,277,869,759,90,738,770,234,690 
318,298,301,360,423,343,788,313,821,630 
491,488,549,726,22,291,34,230,358,80 
545,747,121,503,199,671,332,665,409,773 
984,230,423,689,303,605,967,381,153,812 
498,333,911,999,773,476,851,965,949,144 
730,654,767,752,224,464,404,653,174,657 
134,750,737,31,122,758,58,731,386,897 
990,372,189,292,666,280,781,593,333,533 
220,530,34,94,564,925,960,417,178,165 
344,21,78,473,298,953,978,934,579,775 
724,456,679,767,850,85,648,928,881,762 
849,561,122,679,825,14,882,30,623,982 
68,666,982,833,309,385,701,703,875,739 
558,380,939,581,744,615,662,558,252,553 
631,515,817,219,523,21,212,9,382,272 
535,395,518,815,892,793,694,499,391,630 
809,555,278,998,569,685,149,473,323,674 
650,793,593,751,506,296,452,551,502,203 
675,767,734,891,532,258,711,10,862,402 
980,346,865,936,335,305,843,411,698,673 
887,740,911,676,740,354,264,948,943,329 
51,864,318,678,70,939,531,629,91,183 
544,643,248,767,29,392,598,642,60,148 
67,459,805,898,46,780,651,562,87,779 
514,920,304,309,531,801,396,255,885,446 
299,124,634,242,431,929,491,829,86,428 
521,307,588,226,993,383,92,815,539,480 
682,88,968,486,864,45,189,53,340,907 
240,144,355,862,678,802,692,347,294,925 
147,491,158,477,424,115,576,518,579,929 
312,898,559,673,773,536,464,93,265,926 
402,315,567,775,584,656,680,807,589,82 
66,939,34,483,878,877,149,594,996,909 
394,196,333,708,681,496,829,674,539,895 
59,31,994,466,894,558,237,78,509,590 
476,698,995,210,942,153,558,96,245,211 
643,175,555,790,703,505,963,282,284,944 
958,409,638,909,504,901,641,259,942,300 
977,706,799,239,693,808,748,704,801,946 
237,761,119,240,202,618,290,862,578,962 
22,238,340,487,143,739,192,208,460,433 
224,727,808,576,616,196,309,800,503,253 
293,966,577,258,46,756,451,756,689,774 
451,638,680,593,121,379,409,910,981,767 
740,836,902,498,221,180,124,623,709,86 
684,890,508,216,565,144,83,375,987,241 
529,430,320,168,332,547,154,299,922,433 
157,933,259,184,101,505,532,777,767,474 
379,445,437,493,538,182,973,200,370,677 
454,356,350,561,534,965,528,801,698,986 
324,625,178,8,919,425,896,577,3,460 
118,970,978,739,641,914,164,681,53,677 
192,426,358,281,291,652,817,840,471,472 
709,332,739,634,641,290,155,67,275,284 
532,360,626,74,430,899,9,83,38,711 
361,549,519,186,890,996,485,787,5,703 
14,402,224,478,284,527,599,272,779,258 
867,105,548,521,386,696,156,257,612,262 
412,348,389,634,501,377,187,970,15,57 
278,236,39,780,758,851,627,284,950,325 
435,794,612,497,262,21,593,246,830,497 
139,382,441,819,588,601,109,523,231,382 
103,314,895,92,63,643,196,383,276,886 
211,415,440,7,976,210,303,269,595,89 
866,279,172,775,570,289,796,662,675,700 
890,20,871,315,374,587,579,497,413,615 
730,769,578,360,348,989,229,391,715,808 
883,532,434,23,962,630,195,513,231,452 
419,232,414,249,155,24,629,261,150,484 
742,85,602,784,367,125,781,344,847,812 
149,575,911,61,84,141,858,958,167,376 
475,481,385,475,322,520,304,308,506,589 
716,358,98,559,711,247,822,9,102,36 
273,125,907,25,17,574,603,469,895,291 
411,257,202,927,258,905,959,493,906,35 
567,96,297,789,557,777,687,363,338,810 
355,950,391,63,574,120,422,52,899,219 
974,241,490,913,249,267,992,942,995,460 
509,210,329,82,793,51,172,149,947,440 
481,234,168,304,422,21,629,824,923,931 
1,187,18,845,233,484,140,881,681,727 
466,674,28,381,461,455,705,94,642,41 
490,17,61,990,801,135,585,699,410,366 
466,311,15,945,903,474,124,253,183,892 
416,94,687,514,444,271,957,419,427,609 
4,880,462,139,588,482,571,871,893,14 
521,397,432,763,915,65,722,309,878,240 
846,305,145,632,262,136,664,221,694,209 
581,919,933,95,780,1,144,66,121,437 
117,769,368,282,921,381,224,440,630,304 
789,842,941,4,992,402,475,793,70,426 
307,854,618,654,417,457,591,576,102,969 
254,579,773,840,241,985,264,423,882,96 
512,257,178,823,735,345,698,30,20,984 
239,635,802,278,942,825,749,842,428,315 
82,532,376,359,930,48,656,325,251,149 
957,590,635,307,348,722,634,796,873,881 
698,985,658,715,430,909,533,972,884,526 
151,647,760,647,898,227,495,259,651,187 
405,957,997,190,827,59,93,839,616,984 
195,136,283,912,289,959,890,502,619,83 
251,530,100,31,148,574,441,788,512,943 
451,798,385,457,823,213,237,323,714,987 
415,738,355,645,290,402,89,203,380,470 
501,393,205,624,518,864,130,605,463,799 
754,64,631,962,853,286,901,925,724,129 
838,538,153,886,133,518,556,122,909,217 
30,905,534,316,470,447,129,997,486,159 
874,678,153,200,929,309,635,728,925,660 
669,521,846,927,91,992,397,901,676,180 
986,680,366,979,506,135,875,736,971,403 
804,617,533,191,696,885,94,600,528,123 
266,660,171,749,758,231,521,907,927,312 
358,676,412,114,742,632,877,294,831,697 
38,102,63,695,787,820,403,106,562,601 
937,106,336,802,834,19,369,253,895,613 
944,865,287,615,302,707,803,171,59,397 
887,469,6,233,869,909,979,259,414,620 
448,356,848,323,363,979,255,30,740,742 
457,464,626,238,787,128,837,48,681,441 
912,96,414,960,825,392,944,62,902,407 
214,485,973,837,58,800,240,409,317,611 
803,5,219,433,747,346,164,132,109,493 
340,622,576,691,976,734,505,577,573,991 
481,371,967,115,253,486,858,389,321,634 
249,556,209,119,625,811,718,288,41,109 
138,693,888,470,632,82,650,556,66,165 
824,388,345,685,932,786,819,598,958,96 
820,713,966,911,651,719,319,148,623,126 
115,681,527,813,272,20,75,617,839,101 
810,274,438,953,368,576,697,716,916,471 
881,243,516,49,344,639,13,202,896,998 
258,567,568,187,920,664,298,550,733,236 
412,678,739,612,425,554,420,992,843,727 
115,757,471,292,637,312,316,313,810,100 
817,318,804,727,139,112,931,955,561,942 
610,496,612,649,425,478,221,306,664,440 
717,182,357,461,819,548,707,440,598,24 
351,512,543,264,559,209,361,227,458,33 
224,497,446,255,475,572,378,437,496,550 
232,582,699,734,478,842,242,418,394,751 
408,960,832,66,236,631,609,963,653,576 
1,575,13,834,261,190,966,443,976,724 
973,562,697,285,762,353,938,385,89,9 
551,256,488,317,672,639,341,760,197,400 
276,715,198,880,282,903,284,9,841,8 
783,328,96,754,741,81,445,701,148,782 
186,404,380,711,386,172,156,899,374,80 
31,884,145,313,515,409,716,786,46,509 
6,673,21,508,876,609,674,494,201,893 
1,276,938,224,615,64,633,280,888,257 
939,944,115,3,504,300,652,869,399,544 
807,332,371,929,59,989,415,813,155,952 
265,198,644,208,893,329,763,462,785,245 
847,405,608,399,230,97,574,811,511,657 
567,924,667,91,188,140,488,182,715,704 
819,739,305,187,218,437,663,811,364,407 
167,320,94,93,433,360,162,514,422,999 
29,32,328,108,838,783,236,391,734,196 
173,687,697,67,782,112,615,912,20,649 
614,126,958,755,0,298,858,70,237,234 
501,894,965,519,414,250,716,450,799,629 
722,115,601,317,478,948,844,145,366,708 
400,728,350,391,98,308,906,707,966,150 
778,869,534,259,705,818,660,75,2,962 
426,394,680,710,331,120,751,890,933,379 
668,325,766,36,566,598,888,127,64,593 
299,284,333,567,365,410,726,756,408,83 
82,977,648,323,387,297,559,66,961,465 
527,393,197,345,52,873,20,247,404,606 
710,347,75,779,538,812,735,584,976,49 
629,862,466,268,670,50,112,41,657,208 
638,37,342,751,693,506,140,130,771,446 
792,167,663,994,860,360,573,424,31,255 
362,750,30,903,845,456,71,837,42,34 
133,734,884,842,317,489,927,924,132,341 
383,983,907,53,464,549,816,16,779,640 
898,422,1,151,592,283,359,520,775,832 
574,599,911,231,174,581,664,996,271,844 
262,796,436,902,406,757,36,174,164,596 
342,798,3,70,328,783,968,30,100,543 
91,221,168,781,146,912,601,416,804,235 
987,637,343,84,398,703,847,762,481,113 
284,771,316,631,310,669,85,227,664,524 
985,587,718,618,820,927,236,157,495,80 
252,955,773,468,155,48,738,638,353,912 
152,443,796,616,352,583,32,550,289,438 
557,585,272,918,308,570,213,658,431,610 
245,737,397,238,801,317,358,54,411,208 
345,339,760,583,864,966,894,27,268,141 
147,165,371,72,767,950,162,418,672,377 
520,299,328,64,802,802,237,74,876,192 
404,879,426,944,915,42,364,522,370,197 
567,614,53,587,542,694,873,126,180,37 
552,353,764,11,699,567,415,226,251,74 
873,683,11,896,385,506,886,752,979,544 
673,986,100,734,124,301,49,567,882,754 
77,295,674,877,373,936,290,883,657,931 
343,615,721,571,748,999,721,53,100,100 
699,243,45,215,240,544,123,622,690,687 
638,253,729,676,954,866,120,316,513,777 
99,792,215,278,447,555,409,249,454,733 
482,554,110,753,204,278,693,833,264,475 
500,505,82,533,20,209,131,723,489,907 
36,779,634,445,829,602,289,529,15,576 
629,15,444,984,42,804,865,701,322,323 
460,375,730,658,464,301,115,392,770,997 
436,971,696,871,697,286,733,479,257,7 
355,89,113,854,45,455,481,745,208,526 
528,996,110,983,34,262,558,745,642,64 
635,467,860,302,87,743,36,511,924,211 
869,338,304,401,615,190,698,141,712,732 
101,615,501,544,560,118,734,601,663,685 
652,90,522,802,335,337,703,473,536,389 
262,567,647,973,746,58,346,60,927,518 
83,384,852,370,85,785,215,569,363,31 
479,373,437,540,226,646,432,224,747,519 
120,683,543,170,268,278,381,354,734,739 
544,37,526,378,834,781,219,333,982,956 
285,91,722,837,9,609,559,906,770,743 
567,911,881,718,306,165,0,823,21,587 
360,391,472,263,5,910,817,186,403,327 
298,682,584,666,140,985,70,205,95,490 
962,361,455,700,526,425,948,687,671,741 
478,947,772,860,523,295,236,984,591,711 
802,787,903,352,688,0,90,365,413,644 
532,243,221,972,600,825,643,32,201,905 
933,564,589,604,820,263,991,322,927,628 
47,71,19,966,488,105,369,337,566,757 
68,763,922,665,917,874,588,732,213,255 
524,106,406,599,236,372,342,779,134,980 
177,877,85,46,35,611,986,49,607,544 
518,293,206,213,223,495,807,847,641,96 
303,314,330,708,230,668,753,333,358,76 
780,952,512,96,989,87,997,62,657,333 
293,11,541,409,856,807,53,730,855,897 
226,305,830,454,398,771,272,669,671,221 
855,806,527,858,774,65,380,16,525,132 
944,721,801,932,503,453,37,339,840,189 
369,250,107,810,501,694,677,636,210,47 
611,527,389,622,400,383,897,292,876,428 
928,351,780,976,93,927,736,406,921,887 
414,533,793,88,832,121,120,31,203,747 
374,902,351,6,437,911,126,450,827,557 
99,543,633,765,881,119,239,586,917,382 
545,103,681,181,106,468,245,369,780,219 
460,779,897,293,856,976,154,814,387,401 
145,271,676,485,308,978,858,417,169,447 
864,10,544,37,757,850,474,117,199,814 
356,304,579,264,88,137,75,648,128,845 
212,229,431,831,475,282,774,152,492,139 
8,860,327,942,963,503,239,175,724,390 
768,36,653,138,965,503,453,646,99,386 
948,266,597,812,913,913,12,185,603,325 
283,337,72,867,333,71,269,312,459,713 
499,690,246,599,34,291,589,916,309,64 
636,634,521,593,305,82,683,985,28,304 
229,204,530,853,605,192,934,455,739,164 
349,619,652,790,876,107,224,201,8,810 
924,299,250,355,44,908,741,722,433,354 
237,130,91,986,102,846,779,681,166,491 
512,248,232,410,68,46,198,548,777,815 
514,870,950,90,321,627,832,25,573,41 
999,25,789,803,806,361,67,750,78,944 
937,440,608,951,873,810,669,533,768,46 
724,473,894,243,150,834,661,965,394,35 
316,898,648,202,119,271,220,951,508,185 
706,522,948,544,616,877,156,454,748,81 
207,533,450,828,90,998,362,535,499,397 
773,118,503,218,418,489,807,59,177,112 
542,884,322,83,537,217,691,679,316,962 
941,92,493,421,666,459,695,234,693,821 
582,159,781,391,849,740,727,554,553,113 
519,814,812,387,452,7,158,517,877,599 
510,347,932,803,240,26,997,178,420,212 
306,328,946,303,95,193,671,821,509,616 
841,614,181,775,964,705,514,489,774,530 
739,611,285,493,876,978,987,568,145,30 
739,839,206,963,635,225,646,400,117,472 
22,976,612,862,420,486,927,738,345,494 
941,850,425,783,630,675,779,36,50,108 
377,218,448,416,198,19,605,49,878,544 
295,98,959,790,156,773,874,200,908,620 
878,818,112,971,465,645,981,153,884,30 
41,408,578,138,417,850,196,276,284,227 
4,422,512,118,404,54,135,864,459,463 
53,32,11,705,969,664,826,163,918,101 
258,701,476,441,879,394,288,370,957,306 
445,404,308,861,525,585,433,187,872,193 
602,369,7,348,293,631,694,76,501,980 
892,896,155,322,816,819,421,863,441,764 
973,8,194,550,913,866,377,391,402,899 
363,221,163,890,798,500,792,63,737,309 
736,509,868,281,153,988,888,515,175,979 
978,115,432,515,633,310,543,439,121,579 
746,40,748,608,387,628,477,19,536,78 
808,574,959,537,641,241,545,29,95,99 
489,597,533,659,530,695,925,152,154,562 
961,81,359,462,184,759,485,125,577,886 
385,80,550,74,980,548,256,687,335,227 
363,440,864,894,174,305,311,360,330,896 
799,366,332,502,364,219,601,956,69,56 
21,936,62,616,24,711,622,690,269,796 
535,456,159,455,151,972,203,401,914,258 
709,51,770,352,168,366,396,225,461,61 
808,394,206,854,141,876,992,672,134,216 
643,695,541,768,608,314,59,146,494,574 
185,952,336,411,565,210,630,964,525,214 
911,572,521,221,240,316,128,758,363,681 
866,568,607,914,637,25,328,823,711,516 
507,284,390,119,729,581,791,986,389,189 
449,91,643,71,557,287,294,237,637,91 
86,6,22,1,437,881,931,141,13,840 
991,999,728,633,822,915,946,646,97,436 
119,132,973,239,877,728,311,83,61,765 
638,311,28,659,844,668,32,737,826,593 
546,115,296,814,415,470,934,296,905,520 
777,890,432,333,349,437,617,141,732,366 
841,673,632,582,241,188,475,71,461,286 
280,649,338,626,181,421,548,50,168,985 
593,105,459,210,150,430,725,448,36,768 
94,923,918,549,551,659,97,109,412,917 
312,923,775,801,859,43,603,224,28,750 
217,931,519,763,26,239,179,577,689,645 
256,567,636,6,215,980,575,155,344,186 
5,386,661,588,957,108,305,873,165,484 
67,697,437,354,117,604,954,702,204,34 
453,104,843,821,103,363,704,946,796,770 
963,111,546,410,479,566,108,616,182,487 
255,220,837,156,632,802,465,678,391,897 
980,638,133,925,928,813,998,471,279,908 
386,980,68,552,94,354,82,493,105,623 
800,843,542,44,957,238,238,983,525,559 
471,654,976,448,132,727,579,701,306,773 
486,638,909,764,673,377,205,469,668,804 
864,270,777,664,541,393,352,257,42,196 
239,906,675,264,492,565,400,667,680,168 
409,121,82,99,136,367,197,358,684,584 
703,24,93,88,943,785,177,798,129,753 
842,822,554,466,961,916,843,416,307,37 
644,802,830,871,926,888,769,337,780,699 
406,85,703,860,172,162,13,852,485,503 
886,883,392,833,538,533,452,389,306,102 
51,441,225,438,678,532,567,960,306,598 
107,396,943,434,753,548,761,553,767,172 
717,8,88,459,186,9,844,14,201,135 
12,971,562,626,285,170,300,307,817,808 
713,450,860,309,20,155,465,118,592,679 
26,741,702,366,774,660,930,809,306,424 
395,102,847,898,349,822,891,489,501,64 
495,91,288,712,564,939,232,466,499,788 
748,80,160,499,27,220,786,746,909,207 
26,681,982,463,813,39,904,727,479,983 
620,328,686,366,92,333,592,40,24,453 
298,50,667,266,535,682,113,78,217,794 
935,509,806,572,983,141,586,807,575,26 
189,520,525,454,161,452,521,437,795,57 
95,815,499,365,31,751,73,646,827,920 
94,432,885,624,20,381,922,132,187,150 
414,2,778,984,597,886,854,418,971,4 
289,99,66,44,202,760,686,132,684,267 
214,671,678,543,176,19,312,544,593,865 
356,815,601,693,240,555,551,373,255,795 
470,286,286,616,755,705,618,992,202,701 
883,853,948,78,837,676,487,532,4,936 
362,222,937,215,564,901,365,837,552,245 
160,652,750,742,671,629,593,81,824,144 
704,94,91,648,964,922,903,474,109,461 
533,67,33,905,501,569,194,807,108,418 
883,732,399,417,583,361,142,415,526,112 
647,549,644,482,774,960,503,221,791,702 
838,811,880,196,305,230,501,466,521,271 
729,798,356,446,549,389,740,427,457,792 
302,627,365,851,594,94,858,289,588,477 
249,51,805,282,839,951,454,599,309,829 
307,8,160,989,888,13,185,764,91,39 
67,302,477,988,955,389,990,686,681,207 
316,613,539,838,304,293,424,576,597,490 
24,63,757,832,541,483,330,199,973,347 
318,547,263,203,624,449,448,616,188,286 
41,518,581,490,423,130,385,113,270,83 
825,922,227,67,260,929,877,948,175,911 
190,662,907,785,780,901,26,214,470,239 
63,185,797,242,914,343,946,116,565,426 
174,869,983,684,201,854,234,264,858,773 
698,122,96,624,916,62,835,951,464,261 
610,102,93,317,194,48,40,216,927,959