554,348,940,148,738,97,175,868,678,597 
237,584,336,702,933,823,742,576,485,307 
647,350,82,490,997,963,641,834,928,858 
570,639,292,550,52,204,257,439,155,733 
464,498,558,820,997,899,797,872,687,649 
176,166,421,183,891,459,667,803,590,975 
441,348,160,375,149,957,323,616,295,848 
474,323,98,465,495,609,347,472,34,388 
529,434,980,407,541,813,506,555,211,494 
140,768,854,537,341,164,977,180,709,315 
82,417,409,499,641,710,108,58,294,170 
671,814,121,622,189,329,27,925,802,55 
866,529,113,950,761,20,123,793,637,89 
237,25,684,213,11,976,17,756,521,843 
626,972,225,187,283,416,998,184,83,986 
79,843,523,881,431,726,399,970,337,531 
685,6,120,670,11,432,677,815,141,257 
250,680,979,394,603,71,393,581,116,168 
625,945,437,739,443,600,859,989,876,198 
456,198,860,480,482,470,97,343,433,812 
322,712,154,341,142,793,985,509,474,489 
603,662,321,813,9,122,725,163,496,478 
540,276,470,925,551,947,895,661,172,421 
869,283,555,252,230,646,701,732,223,298 
264,48,855,596,135,522,870,213,902,862 
620,405,364,969,566,445,609,147,602,144 
839,278,948,287,388,626,306,240,749,423 
586,202,271,814,635,480,311,669,568,407 
346,477,281,254,534,833,612,121,663,28 
777,810,149,23,947,893,219,599,594,509 
155,991,245,264,172,207,12,492,933,769 
388,677,204,755,436,453,695,902,532,918 
188,34,814,799,36,284,796,992,913,845 
73,419,833,160,164,417,531,503,6,294 
446,274,61,859,336,342,705,758,580,182 
163,352,557,601,790,323,391,144,789,805 
629,321,860,5,532,60,747,705,575,114 
421,794,692,469,31,765,483,585,307,622 
175,941,780,83,773,93,772,530,154,855 
986,824,785,15,519,671,321,114,167,635 
236,164,93,146,156,758,110,886,841,847 
408,328,862,622,52,842,849,705,646,992 
936,997,93,908,585,339,710,206,586,491 
155,500,895,648,393,843,186,368,983,570 
461,870,154,183,915,861,885,945,148,107 
30,66,471,583,588,414,922,145,316,892 
445,133,843,528,204,188,670,442,11,39 
213,679,412,112,182,409,739,823,477,846 
963,581,769,282,594,201,770,530,839,621 
431,991,252,812,404,2,742,658,296,250 
849,943,284,119,817,258,648,434,355,991 
776,675,594,836,515,670,885,990,948,179 
845,34,297,425,877,42,809,567,514,823 
835,559,946,126,553,383,193,944,483,956 
670,57,328,661,884,741,528,697,604,234 
316,359,600,134,279,376,834,694,206,739 
979,439,338,173,512,933,639,274,479,54 
236,236,415,250,307,295,389,778,275,903 
747,857,560,519,579,563,973,431,369,793 
767,657,926,878,298,480,241,266,618,509 
664,536,560,967,812,941,860,782,466,600 
785,341,582,760,796,738,818,119,454,754 
860,681,281,862,766,944,23,948,79,816 
358,268,287,842,616,88,135,639,991,478 
935,427,22,813,897,891,50,394,42,188 
263,702,65,770,847,325,136,673,893,334 
168,124,304,986,57,832,619,59,126,723 
881,202,959,894,550,221,304,917,568,467 
815,567,932,101,91,182,93,732,159,789 
112,201,38,921,403,140,993,245,875,668 
356,454,453,711,318,863,756,760,735,634 
465,107,484,164,841,797,614,468,552,364 
128,272,747,264,143,403,595,286,220,807 
486,943,565,427,311,337,82,673,53,169 
642,511,154,812,334,727,618,393,901,77 
963,188,327,693,787,993,422,31,981,851 
397,432,438,305,124,302,220,323,372,543 
893,783,261,543,301,890,696,868,978,205 
654,31,274,366,495,906,204,680,958,200 
196,704,801,718,703,764,175,388,190,442 
539,887,336,435,357,22,544,178,455,351 
646,285,652,886,681,255,620,961,554,767 
85,315,228,840,988,291,383,182,665,736 
411,362,768,707,194,10,140,81,510,976 
974,732,770,189,107,349,661,778,19,680 
176,3,406,507,89,369,753,92,904,50 
286,39,655,126,810,969,742,369,263,387 
188,360,714,966,418,410,63,144,41,701 
616,689,932,313,140,165,280,261,789,813 
567,388,554,204,708,851,82,995,881,738 
154,673,237,357,806,851,865,70,780,468 
361,209,526,521,944,804,573,275,644,992 
227,210,144,576,81,619,232,533,191,486 
271,195,554,174,69,332,543,413,373,823 
702,452,978,397,417,180,769,536,468,948 
129,712,527,95,471,946,455,801,158,255 
883,678,396,71,801,623,872,217,656,450 
752,360,945,516,862,179,823,766,978,313 
757,562,643,294,958,328,447,199,848,377 
643,734,466,655,12,227,732,487,571,615 
270,940,550,477,481,25,628,520,113,571 
169,363,972,913,463,57,364,896,85,986 
232,399,729,446,561,508,578,825,216,186 
913,979,181,200,661,459,954,238,413,23 
133,822,272,26,173,357,568,691,340,813 
909,430,139,160,806,738,11,59,667,102 
111,669,494,952,328,154,135,900,376,216 
295,733,607,421,868,163,156,171,51,281 
179,818,643,649,509,872,830,343,541,367 
707,695,295,315,374,620,483,862,498,966 
399,202,445,934,330,395,929,865,453,854 
506,191,276,714,123,559,194,146,579,353 
107,395,53,479,330,736,870,848,779,0 
248,83,987,241,627,101,307,571,154,944 
724,539,867,16,124,626,32,90,550,746 
795,411,48,285,751,634,150,17,585,723 
860,596,749,961,256,400,445,95,670,915 
20,132,829,861,849,257,486,663,159,695 
925,549,937,18,753,15,563,148,621,850 
972,423,409,533,663,99,250,875,464,264 
725,557,603,945,164,529,785,93,439,315 
940,555,348,958,530,881,785,326,342,841 
589,109,481,81,878,257,296,381,462,223 
431,83,255,182,59,907,397,890,845,825 
427,563,59,665,757,529,480,253,508,142 
780,958,745,921,950,716,313,426,669,404 
62,655,838,413,286,178,232,255,580,716 
283,545,181,659,799,501,677,923,169,962 
768,732,440,965,916,863,166,222,243,942 
202,474,991,759,234,234,6,789,677,831 
829,340,951,697,473,79,694,339,544,135 
793,260,542,945,768,940,596,669,966,424 
219,567,131,221,813,100,998,997,508,851 
760,281,157,21,723,812,860,690,514,911 
67,874,898,534,589,324,134,974,532,879 
680,777,458,514,939,56,853,834,94,867 
188,528,163,968,574,764,669,726,722,442 
135,181,592,215,882,485,238,280,511,815 
559,647,650,435,903,684,647,543,489,444 
231,872,345,760,474,896,405,436,416,381 
646,26,171,882,917,50,84,700,184,73 
886,827,147,500,440,947,163,511,763,790 
695,366,235,183,959,582,131,118,278,985 
25,395,644,61,936,929,284,704,901,160 
773,530,137,646,883,471,764,572,37,176 
203,225,193,268,8,477,76,512,840,28 
158,832,835,877,529,680,836,413,346,212 
623,141,49,81,810,525,619,30,532,691 
919,306,411,916,621,459,522,310,81,224 
774,856,463,132,930,470,9,264,377,900 
92,307,464,639,841,528,718,115,967,21 
539,420,77,507,558,460,253,471,747,573 
228,228,721,684,638,626,450,115,351,815 
955,170,548,360,251,249,296,677,681,955 
339,454,926,258,420,86,945,412,327,418 
857,319,529,366,709,374,992,821,183,104 
64,730,272,449,568,200,957,807,467,274 
374,755,507,848,47,538,231,974,16,752 
925,371,367,776,299,723,814,665,39,297 
118,312,143,965,218,502,403,14,657,655 
398,820,91,7,539,236,292,608,755,537 
335,484,37,363,74,155,79,543,159,530 
641,531,850,968,337,596,990,206,584,998 
211,547,204,327,306,1,311,552,833,463 
932,457,233,564,489,552,228,877,496,718 
861,707,304,230,856,428,977,75,432,628 
949,517,375,488,657,71,344,406,507,272 
96,820,797,51,715,612,223,534,507,825 
859,940,516,730,858,207,954,823,236,878 
492,300,853,582,746,321,762,352,313,891 
971,367,47,43,275,124,921,769,554,744 
571,613,988,549,95,889,585,817,878,142 
133,848,965,530,587,437,375,779,187,765 
376,955,419,49,129,287,337,190,255,222 
958,266,654,98,589,436,756,398,267,400 
624,589,433,991,760,130,933,591,922,810 
391,388,58,402,95,946,907,669,963,6 
833,822,142,832,570,343,61,199,629,732 
555,769,666,23,828,605,689,961,374,640 
71,489,499,920,827,428,731,536,535,649 
247,704,834,839,456,175,274,926,774,624 
471,575,84,512,906,329,233,56,76,57 
634,666,651,973,330,164,7,165,211,892 
411,734,574,823,175,389,823,979,955,52 
956,133,533,188,684,639,179,31,148,810 
4,464,988,676,497,794,361,525,434,449 
836,516,874,753,791,825,380,650,367,15 
871,316,60,624,813,77,558,348,442,852 
482,240,975,57,490,175,429,619,715,544 
623,733,880,11,217,686,83,89,237,227 
212,399,236,556,202,558,945,912,678,419 
985,157,311,102,607,664,967,921,380,637 
213,279,387,812,220,894,859,880,313,226 
541,125,378,624,29,173,553,220,350,511 
151,191,454,166,822,480,289,233,695,629 
169,532,506,719,722,530,604,256,828,420 
251,754,922,867,37,653,207,326,510,732 
616,432,983,124,60,810,772,650,632,648 
734,736,896,139,439,52,88,171,61,910 
648,470,373,371,974,753,385,258,957,401 
108,851,131,855,569,527,248,958,308,464 
282,890,696,533,462,511,568,130,904,419 
585,626,52,641,212,194,494,147,410,956 
883,467,399,748,250,894,345,275,445,573 
658,5,305,490,65,593,925,675,72,93 
88,950,854,971,819,818,907,651,301,141 
924,534,997,623,357,333,770,458,59,348 
727,821,596,767,514,331,709,31,179,437 
771,184,674,297,454,522,369,300,207,627 
993,419,11,941,584,418,215,969,935,48 
843,359,458,119,3,337,201,155,944,651 
516,407,534,729,963,102,718,990,74,980 
244,971,932,682,163,412,815,0,292,619 
693,394,909,952,659,314,686,14,209,702 
734,522,858,429,197,946,46,835,795,472 
155,318,941,266,99,29,0,144,758,164 
165,337,543,230,917,377,533,440,406,699 
776,150,796,7,779,884,763,985,81,595 
79,94,983,702,87,299,785,664,214,372 
617,475,705,989,635,823,335,761,76,310 
690,188,240,256,892,191,994,736,468,384 
310,138,56,363,227,903,669,626,132,575 
617,292,773,1,626,629,395,66,583,537 
660,935,740,798,102,249,627,501,179,461 
533,516,410,292,329,732,681,438,651,130 
638,518,894,981,109,234,596,43,116,737 
337,415,770,177,936,915,670,492,77,94 
731,70,778,290,233,774,301,292,591,798 
310,145,684,921,215,562,326,625,356,948 
777,81,689,326,345,173,579,192,923,373 
679,492,437,312,758,52,998,914,330,264 
80,52,530,569,322,869,561,375,706,602 
197,716,120,743,580,251,701,58,968,352 
210,424,955,158,37,318,638,943,111,494 
595,675,113,668,546,960,148,932,792,745 
407,19,164,799,843,478,492,625,875,802 
492,769,863,441,390,437,160,77,877,447 
14,557,315,889,636,834,651,560,893,380 
705,876,608,94,149,41,983,522,14,269 
782,178,235,302,294,948,197,855,681,409 
192,855,912,851,168,567,199,985,48,62 
818,416,798,331,482,775,411,757,544,975 
550,306,154,429,648,130,307,366,930,488 
868,358,442,61,344,956,509,768,382,902 
614,494,767,500,957,178,728,483,698,41 
9,953,177,548,755,240,448,867,1,58 
650,323,357,143,88,724,924,685,94,953 
179,124,217,244,248,572,840,549,630,158 
496,719,760,53,721,928,94,415,222,587 
133,547,634,300,393,177,629,527,518,296 
903,69,36,344,883,620,305,429,260,441 
104,268,54,77,479,285,99,633,102,261 
502,384,715,207,404,152,659,287,558,883 
595,915,219,536,868,190,531,786,581,818 
310,874,954,192,426,693,411,919,228,52 
975,280,126,428,775,522,358,754,135,358 
943,301,127,649,352,911,104,265,243,825 
417,278,193,474,249,383,760,396,439,142 
430,420,854,553,719,668,116,414,130,94 
26,178,227,439,949,262,369,557,826,526 
407,111,25,759,624,240,552,901,299,927 
1,334,239,518,310,559,55,684,424,96 
502,289,934,406,310,70,219,198,474,999 
696,41,108,870,681,328,121,773,684,373 
168,64,891,867,465,124,915,916,178,768 
365,853,917,975,833,991,605,950,195,101 
751,112,694,717,374,468,364,493,670,127 
336,276,930,172,314,402,946,877,729,148 
932,572,560,472,74,98,207,465,556,19 
954,912,676,276,974,839,568,291,471,899 
997,346,864,342,694,447,290,357,36,586 
405,205,783,627,324,725,843,920,522,576 
782,681,779,121,981,88,326,683,159,296 
198,756,577,553,880,342,808,44,431,458 
781,849,674,633,826,787,743,792,243,637 
584,671,320,356,708,590,118,848,89,348 
518,511,309,246,285,632,484,593,170,505 
780,876,183,470,100,52,887,423,811,29 
341,396,157,490,797,463,63,946,372,310 
548,95,41,788,448,988,575,971,481,890 
307,353,246,151,616,284,104,396,226,714 
909,849,335,993,875,231,113,568,17,361 
977,400,449,176,470,275,298,850,690,983 
994,54,109,103,113,415,515,391,657,499 
768,345,401,662,188,609,136,664,986,121 
846,263,482,2,574,650,62,784,304,476 
2,448,68,425,468,337,665,152,155,84 
363,237,437,9,690,810,752,575,991,65 
361,664,802,905,931,951,782,106,624,879 
110,78,147,873,961,503,45,585,241,391 
942,886,634,943,380,412,93,256,391,776 
820,664,757,159,976,385,120,459,886,660 
845,451,208,77,337,86,783,131,980,876 
943,598,255,641,419,549,129,519,535,44 
549,247,620,895,576,955,485,773,438,443 
929,915,388,778,602,411,488,548,818,402 
276,502,581,363,274,770,377,307,761,886 
409,98,414,944,178,474,646,712,349,792 
775,282,419,852,334,710,383,942,619,726 
484,879,834,147,759,849,842,700,496,108 
48,397,146,318,526,952,978,814,628,826 
692,438,264,724,784,562,330,644,564,633 
848,360,403,7,913,71,723,20,829,284 
268,453,201,96,117,317,481,786,176,887 
157,653,933,219,550,278,21,435,498,681 
285,472,834,439,34,726,133,414,979,233 
470,853,842,834,553,602,541,914,227,971 
65,209,398,285,190,139,475,860,213,425 
634,151,221,471,806,951,125,383,260,316 
821,426,153,628,197,470,883,737,151,808 
976,6,904,919,219,126,1,731,661,112 
412,720,887,395,666,403,278,754,681,799 
575,100,251,92,946,580,594,998,444,727 
903,829,964,663,241,798,519,667,875,701 
790,336,166,957,413,905,806,262,775,342 
441,626,693,108,529,364,453,113,931,269 
519,922,984,893,275,139,249,266,382,474 
31,871,844,792,872,716,759,13,790,638 
525,439,881,212,487,462,997,5,822,976 
254,808,625,84,519,186,937,957,603,726 
253,605,371,316,745,963,773,921,337,651 
526,878,156,64,782,56,748,136,161,523 
785,748,350,507,117,546,849,881,26,546 
27,839,48,249,65,24,787,493,26,927 
864,302,321,922,88,733,851,178,374,188 
490,594,442,561,496,554,864,1,463,255 
674,213,29,784,66,555,598,832,932,83 
929,403,240,732,964,454,261,363,916,320 
641,359,156,663,77,804,702,840,197,275 
392,447,398,442,598,511,656,317,22,38 
306,760,648,360,748,143,179,791,688,717 
805,460,482,485,259,740,719,241,758,250 
169,29,295,573,496,942,497,677,269,700 
252,952,336,57,914,515,105,173,986,847 
395,152,699,58,124,970,410,623,786,523 
716,723,32,322,431,773,533,604,170,769 
677,684,693,704,953,265,276,912,10,424 
789,956,195,366,392,192,932,322,390,347 
539,526,226,960,133,880,325,315,18,737 
246,717,822,193,494,404,987,300,808,411 
252,613,199,593,845,46,499,480,126,857 
923,668,686,262,622,901,332,618,21,395 
329,984,536,934,577,486,832,855,369,183 
244,903,778,72,758,658,379,394,869,614 
997,819,821,542,71,728,899,30,130,995 
146,474,735,277,860,263,101,289,546,22 
183,293,988,688,857,509,684,427,139,134 
588,552,894,148,600,557,115,272,94,622 
963,169,34,771,65,533,198,637,388,589 
319,835,64,427,122,524,500,128,765,352 
319,534,483,728,812,127,55,622,164,657 
802,465,82,302,719,353,113,324,19,596 
874,765,970,379,314,740,252,237,144,653 
39,773,564,247,390,754,699,146,71,883 
527,775,851,61,916,992,814,458,653,996 
638,920,140,743,720,603,896,788,517,608 
833,952,956,591,31,101,346,731,128,703 
36,258,249,630,173,52,292,425,667,34 
639,955,403,180,301,821,733,350,558,400 
906,224,898,789,233,145,899,555,938,95 
863,699,378,614,620,507,364,251,87,598 
225,51,501,261,318,885,618,772,340,736 
728,107,741,546,663,711,650,351,355,557 
882,674,851,138,580,435,382,58,149,613 
624,507,949,986,90,685,916,358,679,80 
603,621,938,186,116,354,829,12,475,453 
509,247,998,335,929,72,152,141,713,334 
291,383,724,508,75,180,121,623,960,564 
559,445,252,761,80,888,443,939,584,526 
375,271,403,894,523,251,668,833,832,776 
971,275,891,189,518,597,983,956,56,224 
415,851,558,967,804,369,782,705,708,442 
451,266,884,177,795,310,764,234,865,969 
640,761,46,310,704,674,491,209,453,30 
281,667,595,454,42,594,814,927,560,234 
93,635,866,132,884,808,328,626,93,95 
356,892,926,955,936,890,325,179,990,942 
784,862,738,772,458,514,780,474,120,953 
906,182,49,89,378,809,243,559,525,198 
395,543,120,342,660,546,931,11,49,676 
684,143,509,816,790,648,551,555,50,402 
644,418,744,754,37,849,279,387,175,761 
888,686,921,637,233,562,159,194,317,502 
101,752,120,311,912,153,593,259,511,68 
360,768,543,118,62,993,371,135,28,230 
498,996,452,912,883,78,236,294,331,943 
281,590,799,20,415,891,733,123,359,551 
925,674,745,54,493,593,81,208,321,846 
534,216,282,492,45,13,45,870,404,124 
476,853,203,872,618,404,341,704,792,772 
59,155,925,329,346,842,794,160,835,945 
186,507,688,156,272,603,767,259,532,1 
142,954,374,585,286,871,643,963,709,584 
204,559,379,56,611,52,254,958,505,381 
945,643,811,362,815,302,763,622,758,509 
859,554,334,338,924,813,272,167,44,190 
635,848,238,856,922,484,260,464,882,183 
383,6,559,639,375,446,854,737,950,186 
949,808,478,894,591,961,315,599,12,525 
11,896,213,668,338,915,500,307,138,137 
657,49,216,990,370,868,786,572,922,147 
76,842,346,151,137,576,798,563,911,474 
142,661,523,519,708,88,436,708,621,927 
684,50,240,600,776,801,860,35,480,287 
663,118,314,330,992,566,105,629,566,404 
851,594,954,697,281,772,766,80,23,592 
577,110,819,328,715,248,226,531,626,58 
694,397,512,879,484,318,819,482,209,505 
156,144,781,963,435,687,720,558,655,351 
456,378,732,892,637,503,709,125,924,217 
929,876,271,103,105,162,157,794,479,111 
150,271,955,242,935,258,215,411,588,735 
938,843,483,397,186,884,221,634,970,347 
192,853,371,462,463,476,359,259,307,82 
409,543,514,716,15,832,302,777,601,224 
849,92,12,974,4,567,455,498,591,254 
447,365,842,565,294,731,506,366,638,94 
40,531,227,144,771,468,374,773,662,406 
485,610,556,73,416,174,295,740,287,971 
736,942,656,585,912,635,164,424,837,762 
537,247,657,568,18,190,429,67,386,108 
418,348,215,782,400,513,547,29,759,518 
975,67,946,360,904,769,85,525,627,704 
435,708,868,346,426,149,242,804,594,476 
127,707,184,759,331,95,529,673,368,496 
369,194,265,468,524,93,267,955,796,455 
437,23,513,671,852,891,510,222,639,494 
224,603,810,484,506,211,565,402,987,148 
188,83,705,909,362,92,263,260,198,913 
730,83,224,946,977,112,453,21,970,455 
245,985,306,670,446,276,125,812,58,738 
827,151,419,666,851,634,526,663,17,31 
53,712,178,998,79,460,889,738,90,662 
619,812,977,296,604,63,640,887,652,455 
132,19,548,782,640,649,834,565,521,447 
333,803,603,236,90,893,157,730,396,554 
88,32,482,802,749,176,115,562,923,841 
909,199,936,890,802,133,479,924,220,210 
904,91,279,404,653,801,204,659,336,631 
847,4,682,872,406,867,334,372,786,349 
516,902,794,7,754,338,722,807,373,119 
59,421,861,180,939,181,806,211,173,579 
115,599,660,259,989,219,978,453,49,312 
173,322,687,410,56,973,774,184,623,849 
86,942,715,66,485,96,686,834,819,542 
785,572,873,391,505,549,124,891,705,915 
64,217,376,205,591,569,411,317,825,319 
925,862,589,684,738,462,413,3,995,481 
623,197,508,983,80,618,938,923,172,773 
520,401,480,82,24,372,545,70,390,449 
621,299,504,3,222,543,970,740,839,712 
815,52,527,582,137,385,499,492,289,940 
768,973,882,283,982,983,408,985,592,151 
246,702,335,337,149,868,918,857,825,215 
89,99,292,96,679,27,894,983,406,938 
836,146,237,831,861,854,292,605,36,384 
448,742,752,769,268,52,911,788,833,279 
848,749,373,745,944,984,522,58,29,67 
397,80,158,353,471,766,347,924,640,792 
153,327,335,113,126,917,246,33,562,136 
210,806,750,162,513,253,999,97,348,909 
290,867,260,577,668,719,232,16,585,339 
724,267,26,407,54,434,732,806,74,283 
75,276,6,976,310,528,31,131,771,359 
10,313,843,610,679,153,792,142,151,152 
499,742,510,842,739,159,739,710,496,728 
61,646,485,635,872,698,155,348,157,72 
346,582,559,666,746,36,522,509,568,291 
22,321,93,609,1,569,624,977,658,113 
972,263,649,767,612,314,773,536,426,75 
422,552,383,33,216,52,485,310,441,536 
56,129,969,680,762,832,896,901,326,906 
631,143,421,247,316,505,516,869,960,326 
303,680,405,589,894,404,857,819,109,786 
112,270,586,885,510,658,216,568,289,738 
968,70,748,492,959,101,792,929,866,983 
414,255,366,175,208,957,204,357,69,419 
137,534,843,220,948,59,414,945,713,339 
887,539,898,960,928,676,5,635,331,722 
633,613,810,161,874,116,50,772,340,54 
841,464,596,300,414,821,569,278,887,322 
562,703,517,804,593,853,949,426,797,111 
760,984,757,723,785,102,936,819,190,13 
794,35,520,678,937,642,989,398,654,603 
245,377,582,223,977,138,376,360,919,556 
505,716,226,856,139,380,951,804,372,265 
698,540,123,322,295,360,453,499,964,434 
837,102,443,778,827,247,102,32,355,590 
747,468,942,462,679,773,246,317,743,613 
394,248,577,390,913,21,353,228,148,876 
831,685,556,450,814,961,267,643,72,362 
526,147,628,960,871,746,794,548,346,978 
205,975,573,222,279,102,242,592,803,340 
465,263,219,324,950,44,169,481,851,967 
51,125,742,387,728,498,442,562,230,376 
59,142,294,292,515,550,56,441,498,137 
736,941,122,394,522,739,520,431,833,448 
302,144,467,532,846,569,504,847,801,556 
689,894,942,38,486,81,870,340,328,498 
43,338,53,683,201,103,601,660,741,369 
153,897,106,560,459,884,970,914,10,44 
497,667,998,825,926,974,312,978,171,932 
723,373,899,559,853,170,299,692,900,541 
81,380,758,839,641,565,25,320,55,497 
130,27,46,555,889,957,495,865,312,979 
893,130,428,759,261,230,277,238,876,452 
856,426,256,52,715,847,984,26,736,532 
528,163,11,145,172,624,270,543,477,468 
396,183,986,739,329,339,390,505,984,499 
175,523,319,902,551,486,901,830,915,755 
396,61,801,516,274,425,694,582,241,378 
757,730,485,828,980,322,158,982,633,572 
139,621,129,678,567,253,137,126,568,710 
702,772,329,255,686,224,762,849,777,953 
270,530,362,33,410,821,680,194,853,83 
874,940,498,576,999,79,138,508,626,688 
527,524,332,954,251,108,924,218,776,444 
545,846,505,300,529,898,132,565,322,825 
811,958,413,477,536,919,826,84,334,462 
214,583,126,828,466,519,775,586,926,94 
143,141,818,64,78,980,972,244,282,826 
901,411,100,964,566,155,625,448,505,792 
653,360,130,88,786,946,4,737,143,429 
40,762,180,346,920,251,785,508,601,153 
557,694,199,26,876,368,810,473,66,717 
542,103,469,660,65,598,847,641,558,931 
600,888,622,288,378,669,198,323,982,690 
379,190,956,302,802,843,807,79,532,532 
167,812,383,637,952,945,392,279,752,631 
539,113,454,783,685,996,686,379,969,452 
633,474,39,535,705,526,771,219,473,996 
33,264,11,215,246,878,996,17,249,612 
66,575,617,47,845,967,296,820,683,201 
933,226,38,455,183,303,720,674,581,717 
831,755,187,296,739,875,295,111,907,792 
50,236,64,908,378,402,434,387,315,490 
366,105,550,714,9,429,594,746,534,798 
374,725,59,449,896,49,570,484,960,818 
875,682,222,673,807,636,955,332,439,152 
123,635,699,528,239,54,782,297,329,990 
982,62,0,175,658,145,12,870,469,134 
355,765,375,876,834,408,546,777,615,803 
433,729,331,178,885,338,5,548,265,830 
921,477,717,142,432,207,41,384,993,164 
71,413,917,763,474,242,808,748,798,536 
964,986,301,906,303,828,368,987,420,975 
375,681,479,884,127,794,746,473,74,953 
933,447,901,357,786,952,306,646,670,194 
974,957,164,749,949,296,196,572,241,246 
328,931,226,605,766,222,135,525,690,554 
658,512,179,339,34,137,454,416,674,255 
880,486,103,4,252,520,486,782,156,784 
972,593,429,61,135,982,955,704,762,69 
715,196,606,146,808,59,923,183,868,183 
70,310,640,156,572,833,696,351,445,624 
45,290,372,118,62,175,346,849,1,726 
747,492,298,77,720,3,862,339,851,162 
930,634,50,881,412,759,314,544,931,542 
820,451,667,38,701,91,928,271,808,873 
284,980,398,295,963,384,310,213,979,785 
903,693,18,756,738,924,79,19,252,253 
90,874,217,203,576,322,309,394,175,23 
323,843,632,445,560,427,114,570,10,254 
74,463,675,853,800,920,265,658,638,598 
303,515,522,454,510,779,290,832,813,912 
383,293,273,506,609,677,581,818,402,573 
690,50,288,242,33,774,370,932,581,263 
187,66,231,72,92,62,745,879,476,740 
308,850,955,940,76,218,428,402,328,81 
665,270,904,884,824,709,976,205,714,60 
81,887,276,859,351,70,175,814,661,787 
139,795,971,994,240,409,42,832,828,862 
686,188,985,394,658,984,102,669,642,516 
869,690,537,383,717,551,851,483,286,378 
325,108,545,257,241,805,2,734,125,207 
342,125,451,254,679,508,843,211,46,742 
260,799,55,675,569,243,456,336,312,1 
292,158,711,558,500,738,391,967,845,800 
443,964,413,445,873,717,870,88,630,600 
853,891,65,748,788,484,877,670,755,27 
26,901,278,919,246,484,544,289,788,539 
301,724,158,690,308,32,383,148,116,786 
473,827,838,241,389,990,624,392,186,740 
825,595,924,611,328,191,13,258,607,43 
786,799,205,893,532,262,426,666,767,870 
83,390,719,473,245,228,781,321,342,59 
202,570,183,589,475,599,205,772,58,45 
247,395,357,566,978,487,584,803,904,889 
773,569,576,545,60,262,766,687,237,96 
299,217,274,755,703,268,202,389,883,833 
264,680,683,447,202,459,24,542,565,869 
524,375,582,695,614,53,891,285,558,335 
816,761,923,446,470,763,39,910,398,473 
684,698,115,743,712,928,861,572,907,494 
457,864,561,728,694,109,859,536,42,18 
800,184,779,54,137,174,666,823,202,717 
106,943,333,476,495,983,72,853,441,435 
238,788,327,682,36,978,928,632,793,669 
988,321,384,885,641,724,355,654,635,834 
101,125,243,610,785,833,15,931,801,536 
698,277,695,91,82,924,751,22,600,826 
493,648,213,767,979,827,215,496,323,273 
843,593,75,844,284,608,798,263,329,168 
574,934,901,518,632,982,128,708,248,547 
755,232,267,365,817,64,516,694,457,484 
486,26,495,447,720,339,146,771,278,377 
376,593,740,930,766,146,702,603,948,397 
730,179,37,646,823,808,916,454,519,297 
1,869,736,847,875,689,840,825,96,857 
838,875,208,882,398,121,48,149,900,69 
370,156,962,3,41,87,900,342,642,568 
393,57,918,902,380,572,748,954,984,632 
579,836,666,121,101,8,408,735,560,363 
968,201,798,844,195,895,476,873,304,690 
991,775,364,698,386,989,23,819,708,894 
515,917,239,729,710,575,355,479,262,680 
321,432,980,17,900,26,953,690,209,671 
229,911,399,873,222,463,241,749,85,385 
129,802,973,740,263,460,661,129,918,217 
13,615,656,479,589,659,560,81,552,473 
549,12,583,27,742,458,115,733,264,42 
698,507,517,433,266,248,351,713,828,172 
291,644,880,336,368,950,694,793,158,965 
941,271,635,438,180,41,656,620,253,864 
811,439,538,212,822,151,447,590,284,996 
695,627,532,100,619,649,454,159,877,969 
186,427,51,650,952,799,454,854,169,454 
106,19,949,250,384,600,278,737,967,393 
298,57,554,593,622,876,995,308,949,904 
260,566,64,38,934,355,303,548,706,628 
766,465,365,395,346,989,970,43,835,219 
983,806,948,675,808,853,333,424,290,990 
370,299,320,821,644,754,170,737,613,665 
516,49,409,451,699,379,496,757,89,961 
895,255,25,865,63,528,423,24,917,45 
518,922,880,157,349,800,634,812,132,750 
77,146,32,624,295,984,870,880,448,470 
228,743,640,716,75,422,310,707,153,535 
731,342,499,709,404,706,751,268,342,800 
391,679,12,427,306,693,676,299,348,630 
944,124,574,71,889,931,352,48,205,87 
515,599,193,344,155,763,114,494,233,390 
988,952,631,911,534,848,109,668,245,912 
632,433,588,139,362,639,613,314,509,500 
498,225,296,162,980,614,332,631,565,285 
945,913,705,739,297,315,582,925,78,385 
996,579,71,924,175,975,149,194,810,596 
836,157,878,581,158,126,849,972,417,766 
913,843,561,769,495,666,152,783,352,902 
633,392,766,170,340,316,70,476,819,156 
907,670,931,376,184,624,903,630,690,39 
839,356,259,948,205,282,307,323,520,615 
497,54,169,534,24,214,171,428,325,430 
576,513,348,923,22,465,809,540,416,142 
276,610,369,596,351,412,27,736,361,938 
733,366,85,147,732,637,852,685,392,889 
606,728,503,342,8,304,399,515,672,30 
157,98,532,745,355,267,192,270,845,184 
574,337,76,408,551,63,196,795,136,970 
48,255,112,872,629,365,269,992,164,675 
439,745,25,919,732,337,761,156,67,680 
680,628,492,207,824,731,76,351,158,283 
526,778,758,538,397,480,446,676,142,799 
776,165,194,347,26,407,514,798,671,677 
227,228,888,618,904,557,429,857,527,760 
349,890,780,128,694,485,433,853,582,494 
999,770,328,325,782,855,706,992,768,171 
714,848,532,63,65,917,607,201,504,711 
533,52,743,178,356,272,37,436,585,724 
41,607,4,917,102,982,879,672,158,349 
572,364,598,361,516,733,726,9,139,975 
652,600,841,744,662,808,148,167,269,989 
865,39,834,923,737,802,24,332,744,444 
921,290,465,861,621,605,692,82,405,314 
330,314,101,793,736,656,879,145,526,57 
437,714,460,547,238,758,282,911,578,733 
461,805,561,723,722,443,189,232,891,434 
760,477,806,638,15,454,389,735,534,864 
352,312,590,448,430,988,681,221,563,864 
782,227,747,448,256,949,205,906,297,630 
347,849,163,196,429,199,535,338,45,107 
983,553,469,203,661,634,732,733,663,178 
976,472,938,578,190,490,491,434,661,565 
541,994,704,891,708,653,817,754,680,90 
419,927,117,720,809,691,415,645,226,276 
363,307,29,531,257,928,281,741,870,744 
677,576,173,545,319,60,165,827,672,627 
222,946,764,222,557,33,167,574,768,693 
675,924,171,667,982,213,728,655,361,454 
492,314,203,688,846,343,99,439,540,890 
781,949,998,445,851,542,75,913,701,55 
410,661,68,640,953,246,792,900,977,683 
705,449,587,252,418,400,755,711,721,658 
867,310,707,364,723,792,381,529,539,522 
206,659,875,162,760,742,546,256,349,793 
850,530,582,769,165,690,766,668,361,798 
789,599,254,379,336,189,841,983,678,660 
89,58,190,765,366,640,292,736,41,766 
674,90,982,86,859,892,175,696,99,609 
859,151,834,4,115,990,687,627,284,877 
609,316,424,620,601,298,791,530,27,132 
940,362,923,930,906,259,5,125,437,443 
516,98,636,671,36,707,340,945,236,978 
673,631,754,251,437,548,290,333,987,453 
170,164,45,634,125,142,745,590,159,191 
18,285,783,612,779,42,952,9,486,522 
914,367,19,184,151,758,548,990,79,154 
661,757,604,309,633,793,490,937,31,779 
302,600,395,452,383,186,905,835,258,146 
677,748,151,758,406,462,617,224,385,934 
667,582,825,109,294,179,715,355,807,231 
872,190,325,378,756,939,800,448,4,224 
797,186,221,155,54,841,102,811,566,439 
927,305,330,804,651,482,787,570,761,668 
1,973,945,618,369,818,89,14,438,771 
247,754,294,621,113,787,283,510,240,563 
618,590,531,746,632,73,352,71,408,61 
973,312,234,503,21,572,598,421,950,689 
821,199,318,752,128,550,790,625,602,905 
999,891,104,601,825,116,809,848,539,34 
201,770,436,660,719,103,728,928,942,253 
886,929,377,142,798,836,72,395,360,135 
991,693,400,783,509,627,429,805,818,325 
72,901,25,652,242,346,125,756,958,561 
48,863,134,696,854,614,578,883,329,903 
251,963,566,574,725,203,204,537,363,272 
165,357,868,884,644,606,707,32,38,615 
340,372,366,846,154,332,25,59,982,936 
56,797,930,672,579,73,204,778,938,32 
758,410,295,531,954,156,375,430,458,777 
328,102,61,804,565,728,310,64,204,536 
103,264,256,907,43,810,114,497,136,25 
98,674,259,21,516,220,894,889,22,974 
260,57,502,12,166,870,32,792,982,608 
988,449,8,479,790,635,560,733,455,483 
166,395,729,452,6,879,424,843,884,103 
908,43,877,693,187,534,849,742,43,281 
173,736,933,923,165,336,237,730,462,454 
726,226,592,861,491,490,971,547,463,820 
793,329,478,721,97,879,37,455,468,720 
676,33,792,453,396,721,218,248,818,820 
376,431,683,778,997,27,499,104,637,669 
502,260,816,436,415,805,260,909,454,700 
306,7,140,754,483,433,299,280,556,995 
745,765,340,966,427,624,902,425,981,658 
849,249,79,390,317,915,92,832,57,809 
508,224,704,216,345,866,241,906,375,171 
61,276,405,17,388,366,24,359,528,634 
294,300,539,579,727,559,397,923,888,985 
909,729,370,591,592,30,695,987,416,722 
500,566,364,224,682,148,989,715,703,611 
160,587,218,905,919,103,147,34,883,656 
840,707,780,368,124,742,448,894,817,858 
250,295,207,118,322,403,573,90,235,825 
308,825,841,511,556,423,961,98,381,132 
403,550,695,602,274,674,101,256,540,564 
660,627,108,189,178,150,253,176,122,134 
57,84,212,693,984,187,608,681,396,470 
35,439,993,40,818,465,2,588,459,106 
646,331,740,442,186,686,683,195,208,452 
60,814,501,432,953,506,712,195,171,986 
541,489,671,554,674,331,444,534,457,528 
761,607,540,760,292,947,831,975,932,431 
767,91,768,908,241,50,632,284,709,402 
833,23,696,574,295,782,857,778,26,459 
283,100,451,43,657,503,928,898,313,701 
435,9,463,560,177,614,586,357,918,936 
563,109,261,836,721,961,325,249,834,986 
688,670,460,835,501,307,810,219,253,866 
714,371,162,787,843,792,867,430,779,429 
733,305,854,544,84,870,836,543,175,671 
393,759,417,345,592,857,483,858,273,521 
278,417,743,557,823,553,279,878,884,97 
194,486,931,379,443,478,113,335,948,874 
263,531,459,228,721,721,402,770,817,701 
212,541,392,889,443,231,652,311,823,80 
205,715,881,980,162,795,853,788,161,747 
150,8,339,465,563,670,557,474,743,282 
555,919,647,59,943,24,876,541,87,43 
880,23,533,208,85,219,384,964,153,318 
439,32,206,84,830,382,454,961,297,80 
291,110,173,580,940,902,910,416,108,851 
531,534,557,458,486,268,42,832,391,627 
282,503,776,497,983,618,555,749,958,73 
96,791,274,336,307,777,185,962,10,54 
120,686,947,798,962,955,412,347,683,470 
325,435,284,60,487,378,455,382,824,83 
505,393,358,106,479,334,665,346,513,133 
662,94,428,696,789,38,588,703,500,128 
814,56,868,832,467,561,529,550,176,572 
832,771,546,549,305,695,648,379,603,833 
601,857,262,604,452,719,100,963,46,714 
665,641,709,516,882,871,283,777,418,571 
631,200,558,817,934,59,578,921,143,123 
285,76,691,10,912,252,67,558,364,352 
724,63,336,72,77,862,490,659,193,377 
445,123,224,199,392,498,848,661,720,467 
600,762,675,631,277,229,37,482,310,857 
585,209,202,251,13,243,202,592,783,449 
24,981,294,443,262,396,529,417,676,55 
564,810,321,821,354,37,242,326,644,242 
745,109,830,691,701,241,723,300,39,159 
39,372,485,160,954,319,703,19,285,234 
502,159,861,955,228,222,996,938,903,913 
342,535,392,988,345,633,176,158,846,128 
89,208,901,745,226,911,693,140,589,16 
536,498,899,351,572,848,223,571,902,571 
679,945,954,175,22,828,605,784,335,590 
707,108,740,470,725,667,189,366,722,443 
845,199,422,389,213,171,344,174,452,591 
837,979,254,587,354,132,368,880,942,931 
878,325,70,810,332,621,594,726,961,624 
405,411,410,204,475,325,867,784,891,473 
735,902,747,670,608,291,834,908,586,492 
520,327,250,158,234,935,525,665,442,111 
827,178,804,391,138,36,123,25,550,946 
73,173,390,68,317,281,354,844,7,201 
392,948,823,414,446,373,372,422,258,278 
784,769,958,751,872,939,327,961,98,882 
732,797,79,230,315,629,584,103,887,43 
980,248,806,164,551,39,559,56,295,677 
313,809,840,32,758,789,535,82,78,697 
684,454,360,452,288,751,187,406,198,437 
139,515,614,645,807,936,268,475,559,665 
0,207,347,404,526,881,111,710,525,746 
467,703,221,153,518,68,417,934,858,378 
941,806,146,690,513,708,657,565,514,945 
524,741,570,263,303,205,462,431,206,998 
334,565,649,63,689,205,395,353,470,501 
564,4,991,479,681,505,984,209,421,510 
726,722,562,743,42,67,632,735,444,895 
430,930,988,289,198,958,604,369,793,662 
82,234,524,954,394,187,827,807,551,648 
634,590,914,900,603,796,923,677,777,230 
580,692,843,22,942,88,844,350,346,902 
255,432,970,759,223,327,632,110,789,350 
564,660,339,755,691,858,717,272,786,634 
303,518,538,811,665,710,134,751,624,101 
96,466,126,546,769,841,81,992,751,989 
529,379,816,443,563,801,925,457,339,390 
106,711,862,259,162,375,45,269,112,378 
965,886,792,353,188,394,35,117,582,63 
825,147,53,169,681,887,111,306,924,404 
857,955,880,190,50,74,201,516,82,504 
977,13,937,468,927,862,284,209,582,733 
906,850,92,477,164,846,27,862,795,467 
13,752,580,291,80,628,918,805,289,399 
300,674,788,780,734,798,490,901,802,758 
267,142,536,772,427,446,163,755,161,258 
451,961,634,456,351,241,405,717,375,26 
679,955,264,600,150,363,977,677,91,379 
811,947,593,443,149,80,74,770,132,471 
920,648,266,535,32,360,846,794,947,629 
129,732,535,309,289,246,147,765,302,558 
711,987,97,837,929,122,477,572,20,406 
293,756,203,484,149,41,332,765,629,530 
615,943,168,983,437,376,355,591,214,992 
409,854,811,849,458,823,610,94,212,212 
143,501,114,399,935,130,40,195,432,250 
369,156,989,633,8,272,566,40,466,576 
307,894,349,15,465,82,650,918,62,259 
237,858,830,20,133,419,711,214,263,129 
250,84,37,293,896,461,548,593,36,970 
803,277,416,589,567,191,279,217,179,966 
745,324,141,684,77,678,900,789,56,980 
598,320,828,758,45,809,589,737,513,600 
748,601,321,618,958,799,459,353,447,427 
115,195,728,582,816,916,416,959,450,769 
646,312,616,602,204,476,182,107,511,703 
499,752,259,650,608,906,827,953,349,241 
119,667,438,56,470,678,226,104,315,220 
420,570,212,590,330,917,324,883,835,616 
35,412,438,492,163,16,725,609,131,375 
744,188,497,678,350,938,952,30,319,763 
113,96,348,173,934,33,104,900,538,318 
904,707,196,589,301,834,986,455,3,901 
169,765,530,996,243,494,785,500,306,715 
570,657,968,240,152,934,49,119,470,35 
320,978,353,802,511,84,293,670,98,884 
126,440,58,535,805,519,671,226,978,899 
439,129,744,943,147,63,252,584,1,186 
23,470,980,602,155,383,383,918,338,26 
385,562,874,334,881,25,941,120,787,819 
829,395,755,980,805,999,982,105,514,616 
513,527,760,338,657,458,337,494,889,559 
520,572,289,150,316,341,419,575,416,595 
930,24,335,903,387,248,397,535,710,3 
96,986,445,259,901,681,890,759,143,260 
560,842,3,782,608,515,919,775,124,645 
264,388,495,578,99,876,763,529,307,25 
77,600,857,273,35,560,154,945,837,188 
114,125,489,77,606,286,720,134,151,72 
375,158,371,391,680,79,973,886,982,754 
612,723,192,549,378,218,100,275,3,125 
349,326,685,581,431,843,622,575,807,705 
889,878,208,768,619,504,480,354,834,256 
177,777,916,296,27,53,29,177,398,711 
11,73,462,256,596,95,343,623,767,501 
208,123,200,555,692,749,988,540,587,48 
20,847,439,848,991,93,330,101,224,489 
237,450,279,409,988,54,523,48,45,671 
597,885,767,485,512,523,590,538,292,14 
77,660,969,847,85,205,385,388,673,135 
494,823,292,167,619,753,570,829,815,755 
132,37,892,497,23,581,877,60,788,475 
485,746,993,907,861,827,318,546,485,259 
373,386,268,375,688,2,699,398,790,104 
211,741,72,798,151,583,686,711,436,528 
423,484,100,292,133,480,810,568,343,324 
976,28,488,759,717,804,109,702,978,706 
195,164,555,786,678,614,987,330,895,974 
328,483,197,793,253,240,612,775,374,330 
635,575,622,693,399,101,245,915,693,145 
134,11,509,572,900,830,874,185,292,174 
582,198,453,138,962,518,236,986,98,429 
836,708,847,911,331,33,407,589,160,832 
319,853,329,420,936,525,601,468,303,987 
117,351,159,740,327,9,89,415,812,263 
363,61,33,771,167,296,363,236,610,109 
339,622,141,79,103,993,584,505,398,360 
602,608,388,521,653,571,675,796,55,552 
971,73,963,180,848,595,182,150,945,915 
517,984,553,546,691,235,222,606,633,183 
247,176,494,548,915,160,934,239,396,798 
799,852,563,750,534,405,429,727,680,68 
794,984,469,443,606,271,830,997,488,648 
383,368,785,502,680,546,951,913,213,5 
343,44,78,561,160,233,400,740,948,588 
362,336,506,641,364,577,894,362,954,537 
523,457,822,755,783,479,195,856,636,711 
158,17,878,881,575,521,152,582,614,406 
81,261,248,293,925,89,224,87,198,623 
2,707,449,79,3,769,645,510,436,392 
93,853,821,605,7,411,783,378,181,434 
714,998,569,576,717,550,254,772,275,632 
361,938,74,423,246,925,528,264,359,456 
486,536,311,618,174,864,173,379,641,406 
812,207,457,985,847,54,877,8,90,62 
819,856,556,38,311,817,368,991,682,507 
210,89,462,810,79,63,981,155,629,496 
466,690,961,667,855,234,872,734,453,832 
141,43,323,964,433,472,157,940,553,97 
541,823,761,972,159,563,462,609,647,148 
586,868,413,394,608,657,352,933,958,386 
241,408,275,751,238,191,158,75,999,774 
190,159,21,127,8,830,774,119,363,389 
918,135,528,732,695,842,684,116,609,191 
703,607,604,381,607,623,938,661,622,124 
546,601,947,6,799,464,396,875,223,634 
593,549,975,518,547,363,684,766,187,347 
716,619,439,609,371,963,455,878,649,731 
598,935,281,579,596,465,277,85,240,214 
533,480,915,631,446,647,359,998,303,122 
407,775,966,358,712,339,881,910,381,928 
345,237,480,200,841,22,388,939,76,234 
184,684,188,925,966,358,383,702,233,273 
420,593,501,917,220,787,488,897,27,353 
278,73,221,470,450,234,285,647,104,426 
161,828,953,409,489,749,725,38,111,150 
244,152,880,737,824,378,304,215,890,225 
444,962,317,53,945,466,40,146,882,770 
188,554,246,670,837,376,568,340,926,731 
512,979,205,262,775,220,142,208,776,252 
963,845,809,180,288,0,441,149,468,915 
435,403,780,765,849,141,186,798,180,893 
67,842,231,314,511,408,4,816,121,845 
470,689,565,826,821,794,673,655,736,716 
516,450,237,830,836,472,444,308,812,839 
930,94,258,309,625,214,958,857,596,79 
886,924,135,527,638,147,53,418,541,868 
52,411,387,555,100,966,919,464,253,751 
325,14,493,673,420,282,384,932,998,510 
498,670,616,97,840,581,657,637,317,166 
584,317,656,429,406,873,67,737,658,576 
150,979,115,832,514,731,568,36,729,743 
739,955,426,585,149,489,644,932,459,964 
120,491,133,21,904,494,887,393,854,162 
409,508,669,443,769,233,444,472,905,431 
809,844,738,939,242,564,679,614,934,546 
199,436,642,453,402,256,344,691,716,519 
730,52,288,368,236,852,84,972,520,348 
882,855,962,693,462,251,787,651,59,830 
660,506,681,728,816,664,161,331,412,671 
929,870,955,844,410,712,873,137,462,30 
217,915,440,521,10,777,972,143,204,154 
253,484,944,289,821,12,206,560,351,104 
248,62,56,539,476,23,92,848,167,902 
365,570,900,969,199,783,587,993,511,218 
295,941,385,708,952,482,296,790,751,993 
16,261,232,421,535,778,777,271,778,693 
777,640,37,909,708,170,946,111,507,691 
651,625,424,487,594,378,119,722,101,752 
328,207,335,197,160,623,817,382,279,697 
112,297,573,130,576,627,414,650,559,892 
741,107,124,8,876,910,485,434,185,484 
352,294,988,781,113,788,140,337,899,972 
58,657,682,522,110,497,812,632,741,980 
976,482,92,204,798,354,630,156,678,480 
225,740,813,246,831,313,178,830,961,214 
847,672,949,947,723,27,280,800,700,663 
950,438,370,797,366,978,270,308,955,535 
713,913,781,471,497,354,631,357,478,879 
345,882,451,405,973,131,792,464,6,451 
173,861,605,258,496,977,166,402,671,730 
527,233,706,696,464,96,455,638,605,815 
553,427,921,474,218,928,549,756,341,638 
406,887,625,829,405,486,760,171,839,239 
614,423,901,583,540,241,942,3,123,504 
192,817,238,55,133,658,441,605,442,596 
318,215,755,287,390,428,570,588,348,630 
815,741,941,56,809,541,684,232,587,405 
730,714,314,576,42,214,866,92,611,975 
623,126,614,649,513,792,367,158,585,593 
81,813,969,977,210,544,328,871,134,329 
739,530,847,184,407,216,329,931,602,446 
716,827,977,677,891,759,508,117,769,695 
662,585,443,918,681,686,144,389,462,417 
518,152,802,901,894,472,76,325,599,204 
410,780,312,484,388,534,7,876,176,315 
431,314,156,904,918,820,795,417,356,121 
430,191,903,922,604,10,12,244,76,787 
928,253,647,953,940,528,683,406,311,487 
609,284,349,340,704,930,101,276,803,485 
689,592,301,565,950,729,69,853,11,392 
60,742,23,168,299,289,723,265,594,319 
702,593,67,135,263,608,13,106,581,944 
821,919,643,191,454,910,711,283,785,379 
457,129,112,714,273,74,700,969,849,931 
462,878,554,823,834,533,578,363,264,606 
834,670,660,634,14,546,854,528,238,115 
660,504,826,75,987,218,58,384,60,916 
586,163,842,959,829,374,650,21,681,873 
220,121,944,936,286,130,447,989,448,21 
191,613,178,815,440,570,793,412,869,509 
600,638,235,621,139,230,100,521,135,496 
840,181,822,406,691,932,959,476,185,83 
969,75,325,278,151,364,545,793,191,178 
936,373,925,44,615,349,861,926,482,435 
734,836,556,60,97,363,702,677,521,459 
456,393,324,860,373,96,959,147,632,997 
49,242,949,732,566,506,83,990,659,469 
821,514,705,572,191,210,186,642,326,871 
377,139,224,426,926,605,875,793,103,617 
186,898,658,254,353,238,254,771,193,981 
402,558,15,714,637,757,359,530,629,608 
735,751,147,753,870,411,723,738,347,140 
425,474,513,939,831,259,736,16,475,899 
431,653,621,164,669,341,654,242,528,545 
300,177,820,71,531,665,829,248,462,599 
328,900,762,601,235,549,611,133,133,572 
335,270,288,611,993,77,699,912,385,976 
436,531,486,545,195,341,797,894,273,757 
603,728,895,600,206,338,787,83,218,696 
382,96,720,97,577,427,249,211,501,816 
496,938,89,851,373,964,870,180,661,820 
287,229,167,553,812,937,738,26,62,650 
962,264,381,863,929,8,516,145,10,827 
134,520,232,332,610,366,205,646,746,688 
608,407,602,149,285,173,35,252,640,108 
415,734,28,649,167,437,966,653,464,216 
863,345,532,276,702,715,804,32,155,955 
835,885,8,588,606,696,283,898,24,750 
470,284,514,995,487,822,79,334,594,871 
582,948,605,881,737,976,388,434,42,644 
387,950,124,807,754,831,431,827,458,706 
238,489,806,447,499,756,37,621,203,830 
523,623,171,163,671,327,393,784,304,302 
616,295,656,53,51,675,266,331,906,954 
512,523,258,659,21,552,799,133,746,648 
253,530,116,499,924,991,898,503,970,161 
420,282,954,621,399,410,498,771,309,444 
882,920,857,823,328,207,720,164,89,204 
411,93,514,21,937,527,316,365,361,93 
766,253,630,354,653,889,947,851,406,341 
661,982,483,450,864,107,172,457,489,510 
557,699,731,630,150,515,950,709,928,592 
137,172,658,498,96,803,315,568,697,962 
906,900,472,862,730,132,986,779,641,438 
142,747,536,391,815,944,508,592,479,236 
67,493,366,354,442,419,784,920,435,46 
292,572,124,212,760,96,26,633,122,115 
933,80,506,30,268,931,315,223,282,448 
64,237,744,216,363,225,98,804,672,246 
150,54,409,525,798,977,491,951,79,342 
325,991,42,5,704,795,288,396,314,439 
882,655,317,222,478,92,388,167,5,729 
854,520,162,541,427,169,221,888,315,511 
741,239,158,475,213,248,934,15,797,46 
720,604,969,905,378,987,678,102,334,702 
193,31,205,706,226,782,127,660,293,155 
718,885,705,359,282,107,257,93,191,789 
961,252,947,882,730,323,131,623,574,970 
789,227,312,608,864,545,450,167,976,738 
410,240,774,572,454,323,748,874,108,848 
142,617,30,531,148,13,371,872,20,654 
777,699,836,570,334,178,661,232,710,993 
963,798,895,50,353,536,200,103,169,934 
424,613,137,528,603,687,161,73,462,220 
105,845,212,966,232,151,937,872,159,108 
739,115,499,902,729,621,186,678,20,22 
949,673,306,400,819,253,841,227,422,841 
96,347,238,151,505,247,668,990,771,566 
706,528,924,831,925,964,172,877,84,65 
141,885,331,929,246,950,584,837,350,76 
566,83,141,73,72,976,38,633,949,891 
185,352,937,208,614,626,733,646,628,446 
421,566,727,224,679,80,239,82,531,883 
901,614,438,745,57,810,241,349,102,849 
70,10,15,978,746,289,468,215,94,182 
404,909,952,536,758,954,942,707,603,912 
906,828,810,364,537,0,223,755,622,457 
422,363,212,302,825,841,0,870,329,788 
460,577,418,580,128,851,647,984,684,830 
20,548,256,315,226,659,580,500,364,895 
523,977,729,882,410,413,275,943,783,676 
260,90,413,724,440,545,755,220,229,414 
372,5,54,594,449,132,304,599,738,417 
780,346,837,720,347,651,421,977,752,2 
219,782,550,120,930,529,234,279,724,967 
268,727,642,596,767,542,873,308,760,635 
104,699,195,432,942,299,0,481,560,888 
797,573,984,529,733,120,209,749,406,298 
855,94,280,888,692,663,866,861,660,230 
254,564,666,758,652,109,811,573,461,698 
456,396,310,380,754,144,868,903,310,699 
614,214,56,288,150,949,251,82,370,489 
462,647,391,382,379,782,621,5,161,482 
717,887,817,50,366,555,765,255,48,408 
700,617,504,576,995,726,841,209,325,112 
572,272,67,914,366,548,583,183,552,565 
914,775,796,143,238,470,539,135,645,651 
307,120,816,842,574,890,36,598,254,833 
454,663,44,981,975,419,471,59,331,500 
298,471,252,991,462,700,915,84,935,818 
430,687,515,371,981,705,484,602,39,779 
231,368,33,889,701,500,942,495,543,799 
243,499,742,401,489,302,696,955,141,576 
151,930,964,407,611,668,344,4,768,139 
424,42,362,427,107,11,861,898,357,321 
841,531,626,182,770,870,967,593,509,400 
256,238,535,754,132,384,880,984,468,949 
268,673,507,894,986,974,328,242,702,137 
230,390,185,468,348,891,560,74,936,284 
306,822,551,330,714,198,824,733,981,235 
534,113,397,8,284,708,532,845,682,448 
133,959,446,353,691,589,286,964,629,641 
162,577,705,130,799,47,381,354,389,611 
30,776,658,77,359,901,895,255,819,971 
688,466,541,470,905,798,228,539,100,542 
381,784,296,142,376,327,747,739,453,90 
55,661,183,276,171,491,838,138,592,51 
395,501,52,852,820,76,868,354,655,922 
585,933,403,953,893,527,682,690,871,952 
723,611,763,520,693,955,445,88,821,997 
683,645,376,382,98,42,812,820,377,760 
24,654,538,61,149,954,743,471,932,519 
873,155,958,976,691,807,818,664,13,144 
721,880,220,120,430,899,775,783,738,787 
53,877,788,402,602,538,837,390,425,362 
736,849,538,345,64,476,660,710,621,224 
654,255,982,81,480,249,266,208,847,145 
450,899,909,828,558,507,446,464,688,89 
702,885,845,797,705,844,463,621,523,746 
199,247,838,624,688,684,721,691,447,344 
653,275,791,18,123,786,354,636,641,202 
249,511,36,699,156,455,824,65,485,382 
834,478,574,328,886,721,475,107,204,770 
642,472,477,960,367,322,308,130,684,794 
336,478,942,21,222,425,378,123,443,220 
670,348,407,767,845,968,332,740,754,795 
78,371,326,196,541,422,652,49,621,64 
57,81,503,559,345,605,912,10,220,980 
15,160,40,433,900,496,216,859,220,791 
522,137,761,521,215,816,62,959,403,330 
120,625,44,845,528,0,111,645,558,642 
997,966,7,243,261,203,943,13,484,604 
665,884,775,880,74,209,25,463,374,944 
224,161,219,536,465,657,482,886,452,240 
828,454,410,47,360,728,258,101,178,699 
684,160,240,944,453,836,46,310,849,365 
737,797,374,587,784,937,660,385,495,573 
827,290,670,65,270,105,654,722,195,586 
11,709,372,355,556,624,991,81,167,972 
801,232,570,418,90,10,685,553,122,499 
819,930,746,23,512,920,284,857,788,735 
716,537,220,384,600,368,914,598,107,331 
683,296,399,690,854,11,144,20,117,491 
30,705,523,79,707,979,38,518,259,690 
94,937,96,195,219,239,525,108,965,503 
779,278,972,933,95,31,408,252,156,804 
355,484,37,992,875,752,19,443,100,680 
404,297,889,334,61,445,531,270,118,490 
386,55,931,935,672,168,300,957,525,145 
314,798,477,519,657,483,294,979,53,33 
982,56,253,162,937,176,621,876,671,138 
807,560,100,865,553,217,777,676,218,86 
369,389,29,558,686,281,968,47,289,83 
783,43,728,197,441,376,761,564,356,922 
381,774,517,567,736,739,807,311,949,117 
405,358,7,270,59,696,185,317,853,536 
255,484,235,636,302,872,685,608,630,70 
424,45,184,703,691,894,874,368,403,935 
743,0,9,315,691,518,966,96,196,143 
149,313,445,993,102,736,572,423,331,566 
811,842,931,448,836,600,717,279,5,507 
78,837,746,137,515,447,826,235,938,195 
866,132,507,471,78,320,564,483,422,238 
273,741,429,660,59,15,636,453,223,135 
325,386,871,835,588,906,518,598,127,247 
597,428,735,799,691,574,159,715,41,322 
392,672,450,762,775,191,306,903,854,75 
646,930,311,223,737,350,440,577,287,678 
879,415,617,671,279,892,353,905,619,479 
144,767,799,697,531,784,870,665,652,994 
605,509,853,651,71,407,7,819,322,26 
368,361,438,135,643,272,766,864,482,541 
151,961,798,104,565,326,295,509,645,444 
863,494,141,680,984,934,760,542,742,117 
677,216,687,275,847,83,551,723,248,975 
976,702,734,411,335,296,703,186,730,275 
153,910,389,478,890,399,924,977,494,152 
730,592,103,23,559,9,503,399,113,556 
753,188,418,615,373,690,391,995,450,465 
832,966,269,57,843,133,16,911,707,870 
142,905,678,568,755,284,29,655,649,335 
772,192,613,643,145,197,119,177,665,357 
400,288,822,179,198,882,717,482,379,499 
83,202,316,197,648,569,853,666,476,233 
514,767,245,529,160,976,475,19,305,718 
723,306,894,883,711,70,400,542,598,894 
903,167,952,544,315,200,490,791,921,525 
544,2,445,634,104,549,686,456,691,727 
711,996,823,607,753,940,343,115,150,871 
300,814,48,256,900,909,312,269,305,111 
123,642,453,783,743,950,129,79,475,431 
469,627,700,71,626,327,75,474,379,85 
468,994,409,911,858,905,733,925,966,578 
777,988,871,885,408,331,971,917,884,203 
971,832,374,27,588,162,95,517,226,806 
453,993,903,106,290,963,593,270,687,443 
114,697,821,850,345,752,612,836,966,84 
876,262,34,991,545,860,460,891,164,287 
528,358,875,714,459,405,211,72,290,292 
340,868,223,0,947,837,933,441,621,539 
899,608,534,10,204,568,938,530,552,4 
539,384,963,917,369,766,843,430,271,65 
663,990,754,620,698,177,557,801,527,308 
247,599,111,83,414,205,109,441,221,865 
507,730,145,469,518,872,73,350,155,17 
348,635,125,241,524,391,655,169,336,186 
35,684,615,826,461,250,520,753,250,643 
391,292,258,97,890,304,76,410,817,841 
545,145,652,208,16,912,654,872,305,452 
391,813,917,797,544,553,746,377,79,404 
965,332,299,768,480,693,657,287,835,920 
588,305,950,507,956,141,133,536,773,163 
292,198,536,836,121,804,662,735,634,996 
449,129,203,503,237,112,618,986,851,596 
438,341,111,763,577,972,23,871,822,396 
556,486,861,147,509,557,636,108,86,530 
16,966,992,509,825,617,730,673,187,788 
701,573,400,845,253,418,99,822,651,569 
80,40,271,203,160,831,395,107,128,610 
659,403,528,413,792,754,521,445,100,991 
352,223,648,69,495,413,962,691,139,22 
786,111,456,209,122,870,24,382,742,802 
458,73,393,129,191,580,823,142,48,599 
697,918,20,247,491,193,182,200,850,986 
522,128,793,957,176,650,994,61,417,876 
465,799,95,589,948,310,457,502,167,323 
299,324,557,369,916,615,673,211,945,803 
137,963,983,224,740,823,509,648,658,265 
128,724,346,524,217,107,17,975,489,544 
238,751,220,983,427,717,283,405,381,792 
676,553,764,137,828,282,590,842,700,326 
958,169,177,548,179,175,853,294,339,815 
796,975,638,389,873,813,694,461,342,91 
212,573,666,414,454,744,581,826,772,752 
63,368,755,591,647,630,409,114,168,931 
142,955,445,181,243,369,852,649,621,302 
193,254,930,301,593,319,540,174,879,147 
243,63,28,275,28,912,7,783,471,155 
316,933,103,735,576,743,763,752,979,288 
121,676,526,475,738,252,220,287,497,717 
517,995,628,226,390,978,317,928,20,275 
803,501,918,848,913,246,555,737,160,228 
57,989,152,506,620,36,1,742,575,803 
945,889,109,644,166,613,328,698,42,202 
331,814,79,885,747,633,408,237,175,135 
23,763,769,204,349,717,245,470,644,687 
14,566,896,664,128,148,124,100,880,342 
88,187,47,412,120,349,565,771,208,192 
883,365,684,48,17,450,28,905,862,965 
365,372,701,500,522,732,796,837,665,268 
465,258,450,967,109,193,450,579,58,451 
254,762,729,743,747,135,203,514,978,826 
26,612,56,319,920,490,524,865,181,724 
90,855,574,699,444,177,80,433,96,297 
93,788,37,96,117,176,143,180,77,992 
906,339,373,465,499,910,267,20,369,181 
22,917,331,723,221,300,555,606,949,248 
400,29,73,515,377,38,348,574,117,771 
594,217,200,872,932,783,216,860,563,540 
838,570,820,988,767,475,785,442,506,393 
240,401,484,930,92,363,599,519,1,99 
33,664,854,865,881,583,603,553,892,797 
290,800,565,852,306,709,596,939,677,736 
789,599,132,986,905,980,297,208,306,416 
657,725,463,104,61,954,863,906,965,981 
299,534,869,492,60,561,588,980,220,663 
871,818,936,852,245,941,427,896,931,262 
150,5,976,758,338,254,794,530,768,581 
255,709,912,9,48,915,127,755,792,477 
844,507,258,493,672,548,784,320,989,696 
888,83,143,825,889,947,792,102,659,325 
448,830,668,310,265,115,127,201,592,806 
200,843,199,900,506,68,48,114,697,389 
28,402,707,808,482,553,376,448,59,940 
355,918,241,703,593,325,168,489,7,19 
853,400,416,660,547,116,283,284,204,251 
731,553,932,624,368,683,98,521,890,609 
368,668,662,65,361,828,2,636,674,350 
362,76,17,850,917,250,90,537,977,64 
425,642,378,504,849,456,826,807,75,60 
307,490,946,506,848,579,763,146,233,808 
723,438,997,512,272,995,210,803,553,798 
840,173,522,460,547,966,687,30,471,465 
441,623,46,679,607,291,805,135,332,813 
181,333,6,165,621,332,447,285,908,553 
356,567,868,918,35,301,826,911,593,540 
842,628,345,133,608,195,857,233,737,762 
607,673,624,854,928,160,556,75,497,381 
294,817,639,216,865,111,592,952,882,238 
908,887,919,501,270,283,164,860,533,210 
96,775,176,25,966,825,838,913,120,698 
890,319,157,87,197,710,891,501,846,834 
344,873,132,724,266,775,269,541,847,581 
663,865,958,338,667,482,660,673,1,638 
283,708,455,694,61,31,731,387,838,91 
456,751,983,563,605,637,447,982,472,103 
516,105,498,186,295,64,532,304,438,217 
96,466,59,142,882,719,289,797,821,541 
390,765,762,891,452,559,667,112,58,319 
861,260,928,157,132,602,448,52,304,174 
639,839,141,560,58,331,457,533,990,333 
935,847,631,856,800,969,250,835,881,256 
159,341,127,825,550,278,871,955,435,507 
290,569,347,541,414,223,238,455,624,261 
7,658,36,461,406,903,7,733,782,49 
980,490,786,356,627,801,203,286,312,187 
525,736,279,100,752,232,989,256,113,703 
369,395,600,42,874,435,493,175,914,557 
588,942,872,592,975,929,300,521,515,378 
819,4,530,359,498,213,775,676,206,680 
753,398,434,147,686,887,347,109,593,731 
533,331,239,718,73,583,234,672,158,677 
496,622,939,612,710,917,119,445,158,533 
47,652,241,201,998,664,557,231,892,104 
14,376,845,323,427,429,258,500,160,315 
853,817,233,142,581,670,278,446,426,107 
713,663,146,79,436,163,770,271,992,836 
608,287,169,25,45,3,533,775,184,594 
331,609,757,904,96,405,941,607,228,564 
583,809,307,222,484,741,632,560,681,571 
332,363,277,821,180,850,529,509,201,368 
671,653,352,491,827,599,961,145,727,681 
885,365,547,820,729,206,769,330,320,341 
503,169,52,969,709,656,949,544,118,573 
466,764,11,577,635,559,923,345,362,789 
375,994,238,925,449,463,999,955,733,658 
504,181,960,717,893,848,637,443,622,710 
422,681,948,846,144,314,809,641,23,715 
988,116,840,428,57,967,70,152,191,456 
179,897,11,917,408,466,195,396,697,195 
524,673,399,899,524,684,905,741,92,715 
437,745,429,483,807,709,980,687,612,704 
600,387,297,916,223,288,180,853,136,555 
188,258,844,412,101,79,318,552,931,212 
369,116,256,454,257,567,472,688,777,546 
793,414,700,934,17,605,279,354,623,938 
539,512,636,958,128,323,610,546,805,560 
802,821,45,85,324,135,347,26,967,393 
422,755,528,932,807,375,287,770,407,168 
862,173,102,439,715,978,542,347,772,336 
182,846,786,491,762,844,470,584,552,985 
487,13,989,142,174,903,542,304,449,174 
195,469,308,785,21,811,558,817,225,215 
214,445,732,439,62,146,166,13,824,100 
11,544,414,526,228,120,310,938,685,974 
465,573,167,102,653,674,989,522,736,49 
60,588,53,404,276,927,659,406,507,75 
704,489,649,291,542,34,502,156,300,58 
191,709,965,372,655,638,629,630,162,702 
847,294,957,141,299,90,801,546,165,428 
239,370,170,8,421,902,956,844,638,871 
932,403,136,761,134,261,383,425,880,223 
31,156,829,586,238,598,246,395,640,620 
152,862,692,902,145,440,860,500,11,976 
378,876,779,944,637,22,779,726,995,196 
195,505,97,97,663,171,269,68,314,370 
772,937,376,706,560,604,681,451,441,291 
201,650,557,944,748,62,586,471,767,289 
183,394,89,442,795,487,25,443,933,914 
1,276,674,364,336,875,293,248,966,613 
769,710,592,430,890,214,947,993,122,354 
509,332,279,176,215,84,337,747,150,504 
770,693,529,596,942,291,965,725,713,461 
476,595,880,144,445,760,255,842,740,324 
218,330,370,539,983,961,655,299,937,65 
68,325,855,920,469,295,515,232,731,876 
591,151,40,777,9,230,700,749,863,465 
524,12,237,538,458,912,852,122,159,837 
572,308,741,710,674,255,658,745,565,393 
54,996,34,91,933,859,480,957,992,288 
638,326,990,909,128,215,640,832,792,165 
555,123,217,602,822,392,102,407,970,910 
505,96,953,466,200,684,776,540,58,751 
894,941,264,814,351,402,126,758,58,32 
392,409,397,684,601,910,426,453,903,972 
971,481,843,986,954,240,156,358,979,81 
771,25,330,408,473,604,513,456,92,633 
154,906,128,791,803,66,75,467,407,835 
225,232,849,215,454,468,515,484,722,958 
292,806,198,999,512,293,373,620,866,987 
117,501,37,988,293,181,624,794,664,335 
703,444,552,81,558,459,222,544,185,385 
462,480,430,966,879,741,868,320,479,195 
253,822,598,830,287,513,505,879,48,536 
639,444,543,662,936,883,200,50,929,786 
351,995,947,270,326,606,836,375,265,94 
437,452,671,54,802,720,627,261,593,200 
432,943,794,63,963,324,405,289,322,176 
912,240,699,535,639,686,351,842,614,208 
693,249,35,891,394,919,734,759,342,917 
114,260,483,596,365,164,695,99,355,183 
496,424,985,381,391,719,925,340,749,29 
691,438,938,967,427,141,884,420,790,310 
964,163,830,248,509,491,725,391,854,229 
582,450,599,855,712,493,368,736,721,211 
916,516,103,11,20,763,434,206,825,890 
989,667,297,357,187,543,667,519,462,396 
349,192,890,573,10,33,48,99,962,655 
751,463,481,466,485,69,217,937,860,49 
827,884,959,744,473,174,795,862,31,29 
427,183,904,142,283,188,37,658,942,869 
680,479,867,661,7,916,290,950,539,62 
125,802,328,368,425,179,991,834,860,768 
911,656,224,244,987,93,197,580,93,397 
350,981,479,988,809,40,538,126,58,427 
920,828,33,534,555,823,39,374,33,709 
912,153,743,365,74,519,410,640,853,241 
92,558,450,800,811,226,61,181,190,884 
511,745,33,769,444,416,873,528,308,62 
457,747,301,974,873,520,765,259,480,844 
53,797,776,427,41,715,88,774,332,847 
232,513,528,642,237,151,27,860,12,877 
37,240,539,337,822,770,819,757,164,86 
530,771,106,470,381,678,773,504,34,850 
536,58,83,58,759,539,791,340,672,167 
274,875,341,486,581,41,158,329,224,887 
988,226,940,362,784,656,989,571,162,540 
172,484,814,91,579,946,536,943,898,739 
48,28,855,902,641,549,953,313,579,248 
829,66,368,133,297,974,164,222,646,520 
261,683,668,991,290,5,621,718,432,76 
571,737,648,248,13,65,524,368,316,836 
512,523,309,236,437,337,943,170,856,988 
627,615,226,768,60,815,808,509,28,922 
43,773,830,400,26,558,610,945,179,661 
34,438,712,389,660,415,654,739,648,730 
305,215,345,348,772,273,776,200,581,589 
188,497,836,789,670,6,947,170,73,217 
217,647,111,43,385,10,694,88,744,559 
849,554,588,682,891,997,7,977,822,350 
755,540,97,273,223,850,201,781,72,905 
86,374,491,338,158,247,654,838,359,330 
782,705,846,6,979,74,29,140,264,859 
424,238,79,44,360,523,642,742,121,427 
27,166,526,620,172,561,645,63,987,990 
652,378,5,285,554,115,916,306,475,381 
603,941,803,546,654,657,524,830,502,103 
259,795,194,198,4,566,65,305,934,102 
620,590,0,404,897,238,339,787,129,46 
810,78,315,705,659,96,778,168,617,236 
969,247,691,865,871,20,604,105,478,95 
141,631,341,129,888,155,53,818,987,348 
824,347,548,560,453,708,484,627,776,716 
132,521,735,451,788,10,48,757,283,321 
734,333,136,960,162,443,879,972,789,372 
767,697,379,60,328,850,948,291,889,7 
973,17,856,835,731,927,387,904,311,644 
811,42,949,680,465,397,351,0,545,779 
358,255,978,774,392,310,63,438,221,360 
944,40,51,700,801,212,898,79,532,249 
10,837,795,671,336,860,909,888,872,622 
906,59,724,121,586,239,890,860,519,449 
915,872,747,698,400,280,627,977,423,271 
395,968,908,325,60,420,715,573,776,886 
609,342,294,554,426,92,993,49,996,778 
795,519,235,847,903,770,6,954,811,917 
151,930,476,161,920,919,476,63,537,359 
118,300,814,766,394,417,524,725,252,6 
12,997,223,403,648,432,583,227,283,85 
772,805,350,758,514,464,980,887,13,434 
78,326,338,557,283,969,689,398,575,40 
415,804,533,632,592,10,951,41,193,433 
682,805,634,525,759,806,442,585,459,850 
662,809,16,141,74,53,756,76,864,997 
927,745,669,446,267,736,128,103,884,533 
511,704,406,607,890,8,646,237,752,656 
721,4,48,738,168,634,408,640,453,554 
369,306,455,292,212,400,201,752,941,135 
922,639,846,652,749,510,159,779,976,496 
144,58,881,383,913,687,165,79,417,514 
18,423,650,224,380,661,606,542,989,572 
795,102,973,677,425,65,986,55,797,489 
216,396,646,522,457,346,476,796,440,746 
808,311,120,72,479,132,353,272,992,828 
738,593,933,768,674,89,630,684,192,221 
952,232,387,187,957,948,220,310,581,855 
696,997,667,12,937,968,946,586,683,848 
558,703,964,963,831,24,277,984,519,511 
509,45,61,786,397,386,82,740,478,313 
217,322,742,429,52,476,770,348,513,229 
885,131,435,641,135,124,53,563,209,966 
257,672,900,938,959,699,25,229,257,726 
379,470,163,985,513,974,872,955,183,855 
231,730,964,763,692,24,599,18,387,684 
522,143,480,802,137,112,154,376,956,288 
94,134,527,250,311,850,699,148,738,293 
509,326,152,525,780,565,45,143,48,577 
382,64,350,783,152,985,984,708,346,685 
233,367,908,801,678,304,985,767,904,99 
744,638,702,652,729,585,32,982,890,298 
198,60,865,419,558,850,124,225,717,321 
996,166,229,557,856,137,100,165,62,652 
893,911,92,194,448,197,933,811,740,784 
887,973,285,447,457,721,176,188,833,111 
436,51,971,126,499,928,70,92,661,796 
737,390,829,651,131,894,261,406,776,278 
637,264,863,397,497,431,176,197,832,584 
235,421,712,135,580,970,463,610,546,53 
469,713,966,377,77,677,649,996,10,442 
311,112,111,258,919,180,798,943,988,459 
793,836,454,113,271,392,49,470,311,633 
976,448,168,849,682,289,289,88,570,426 
860,781,100,26,301,66,19,512,816,691 
32,657,432,578,853,766,636,19,504,285 
613,447,331,346,506,95,792,305,292,623 
561,923,854,836,453,443,155,220,263,148 
587,288,257,233,233,584,414,296,772,603 
796,4,405,553,856,397,376,0,604,502 
491,583,395,227,755,531,958,45,990,779 
55,420,68,442,682,343,982,472,699,427 
561,21,370,78,852,412,995,431,124,215 
978,700,137,725,812,950,993,260,481,301 
250,69,302,564,925,107,7,361,806,775 
721,243,336,204,333,168,445,154,136,682 
283,969,311,126,338,363,304,849,746,398 
884,150,882,476,401,784,435,41,612,737 
915,641,691,925,373,548,377,198,309,695 
994,436,977,992,542,241,420,198,939,62 
196,586,82,6,747,158,476,341,730,552 
902,660,777,258,727,252,660,546,90,947 
744,73,646,248,283,307,995,320,128,306 
400,235,322,878,824,438,512,509,179,245 
263,779,928,253,485,494,87,955,409,945 
356,285,705,811,73,227,83,163,947,256 
253,963,532,11,991,14,281,957,526,78 
857,462,268,158,414,553,595,201,368,600 
417,782,484,61,876,585,940,247,822,310 
617,173,860,44,635,818,473,540,593,229 
8,245,931,363,798,190,820,44,518,919 
230,479,590,516,494,706,550,382,790,578 
697,8,241,331,876,851,81,452,827,375 
524,803,443,158,581,208,754,150,343,729 
34,228,724,810,845,815,20,182,875,960 
625,790,446,252,31,533,110,211,217,582 
17,256,478,162,474,381,403,66,666,107 
714,525,4,755,512,422,818,92,420,942 
318,89,202,25,51,270,48,303,985,247 
592,530,607,997,628,927,762,334,376,51 
116,472,529,427,256,817,732,328,370,502 
617,949,556,103,613,542,42,115,607,103 
463,949,282,334,880,162,345,910,287,205 
690,473,378,617,25,409,969,11,949,187 
999,938,631,992,816,228,622,977,409,878 
824,999,268,527,19,133,434,945,394,90 
611,766,283,590,594,619,605,921,828,915 
918,19,663,835,891,67,702,333,817,295 
594,651,823,396,261,42,831,835,304,601 
242,560,357,492,600,520,686,825,425,999 
540,566,669,284,668,325,647,345,124,238 
529,330,35,519,137,273,614,762,593,708 
510,595,669,388,759,941,357,922,860,440 
121,624,902,744,700,730,676,149,474,87 
459,603,35,32,310,942,65,651,922,195 
222,652,192,261,439,745,310,483,573,961 
623,339,370,104,693,565,608,609,721,22 
493,505,906,384,339,404,17,650,692,398 
877,745,890,344,754,347,436,364,781,707 
509,215,146,846,239,699,62,1,477,550 
641,949,302,386,395,104,420,34,959,921 
748,317,44,392,585,762,600,648,809,849 
216,9,625,810,915,854,596,452,797,592 
879,203,926,397,200,79,466,105,308,734 
60,839,431,581,211,812,934,352,287,840 
169,259,68,257,93,788,949,438,974,152 
380,846,161,494,926,531,111,772,68,254 
485,708,355,879,176,442,13,0,135,285 
209,744,449,719,597,647,685,467,964,819 
824,426,234,886,288,106,179,729,55,188 
124,578,716,832,538,301,36,639,599,394 
382,933,763,435,979,537,822,687,508,218 
163,336,6,448,89,566,504,403,803,686 
661,580,215,178,501,927,636,398,606,385 
284,900,816,500,281,605,821,644,628,965 
415,397,672,545,724,67,365,696,477,646 
841,83,228,784,321,187,947,564,61,69 
906,340,417,668,560,935,143,547,499,605 
474,397,370,593,134,739,455,786,459,41 
690,693,537,502,297,219,845,879,628,35 
569,679,572,627,993,820,739,464,369,496 
207,240,317,203,81,720,361,994,154,575 
383,374,724,654,814,851,246,418,999,963 
906,264,51,351,537,787,553,225,70,877 
388,305,559,224,320,882,887,440,501,880 
569,295,244,937,840,724,622,133,401,329 
948,539,786,655,241,9,780,656,292,287 
299,905,634,417,726,250,944,48,378,67 
662,411,889,429,447,439,799,43,300,744 
37,499,184,827,751,52,486,930,569,349 
271,10,350,352,160,821,840,402,361,311 
852,863,128,647,972,134,843,340,184,487 
996,585,431,501,14,510,607,524,606,261 
308,63,318,494,485,198,891,655,554,963 
357,436,697,703,959,239,736,182,308,668 
349,196,866,219,698,530,59,258,364,73 
301,591,394,978,972,55,458,871,349,558 
727,978,107,435,895,888,127,879,473,809 
216,130,988,94,914,202,842,375,674,802 
539,769,47,539,918,89,349,665,530,256 
404,844,587,538,885,800,672,92,220,684 
505,698,680,868,575,906,968,643,947,840 
144,9,144,983,601,101,324,737,230,535 
753,331,890,485,243,584,599,695,362,177 
554,705,542,389,763,389,954,291,816,338 
58,777,984,885,974,975,341,498,81,302 
419,151,291,622,237,629,313,136,862,156 
503,9,741,42,124,8,978,496,35,405 
142,490,370,405,663,896,651,774,648,53 
80,763,975,499,611,796,871,617,915,870 
686,955,923,146,17,12,949,765,876,347 
564,412,494,655,759,577,896,711,417,990 
398,411,573,669,126,921,470,777,446,21 
61,181,610,416,252,527,971,99,599,193 
571,664,258,420,404,677,157,640,600,150 
877,213,787,431,132,671,405,635,528,138 
364,347,297,170,567,430,684,212,493,17 
357,39,291,620,65,777,132,977,433,472 
122,937,490,701,459,773,626,62,888,238 
533,817,199,769,397,368,600,299,776,598 
724,324,907,356,289,819,373,384,914,351 
358,754,779,572,414,68,19,274,258,286 
290,878,305,180,226,459,356,316,250,657 
380,79,460,208,486,844,408,873,281,827 
834,769,488,317,319,523,43,77,253,193 
288,803,816,567,287,933,384,892,147,938 
144,229,308,325,426,752,369,330,261,690 
482,312,904,637,612,771,153,706,606,613 
446,15,873,168,877,5,84,682,287,576 
653,838,623,780,195,459,840,680,592,619 
876,42,372,634,9,399,981,969,237,189 
459,470,123,63,751,578,846,780,84,510 
666,636,374,971,794,16,854,557,259,53 
175,123,192,29,475,837,167,250,111,2 
704,279,430,966,214,21,296,220,790,359 
955,197,37,467,834,125,974,158,193,591 
360,314,339,453,381,118,635,566,607,258 
198,555,974,670,754,127,549,30,296,387 
202,588,228,540,507,418,813,482,854,570 
552,93,233,532,591,502,17,787,983,559 
806,532,215,136,266,500,932,887,298,462 
914,803,581,29,516,581,690,612,468,924 
943,480,255,676,908,638,271,185,61,142 
916,974,38,443,917,436,353,406,712,321 
211,847,737,416,828,816,999,838,813,669 
682,488,548,819,409,102,747,324,840,620 
415,37,254,13,900,716,940,108,246,617 
586,833,154,967,428,349,507,695,361,82 
584,922,364,969,626,729,91,33,132,419 
749,369,523,866,1,330,637,50,105,300 
646,735,693,388,685,258,492,206,493,527 
534,877,719,950,749,36,173,549,313,152 
185,678,594,12,292,914,344,440,435,610 
343,848,860,37,199,980,686,619,327,57 
86,684,353,563,238,542,985,597,240,938 
895,599,968,762,188,898,671,273,552,92 
644,974,58,707,781,287,354,623,275,430 
904,768,747,602,967,344,761,917,500,335 
975,133,304,98,420,922,389,511,351,771 
462,224,434,973,590,617,796,473,34,456 
479,896,723,744,816,885,44,233,756,504 
594,615,455,979,641,261,360,170,395,559 
905,364,915,9,555,792,928,896,646,62 
685,258,589,372,541,756,96,97,604,40 
491,257,40,961,484,910,166,293,114,215 
121,957,513,296,686,244,417,677,411,106 
270,180,366,780,827,782,993,897,608,682 
482,227,826,479,441,736,889,83,859,645 
669,820,412,310,177,554,345,172,626,88 
683,267,657,5,800,479,492,371,531,275 
483,52,180,853,821,595,546,569,619,30 
468,353,756,46,455,342,368,728,433,493 
657,964,749,481,811,927,64,736,556,487 
144,757,565,450,340,922,593,371,77,568 
909,811,996,101,101,448,78,824,312,580 
522,435,49,341,812,605,295,196,441,812 
910,404,146,476,692,562,502,998,816,787 
576,576,492,118,328,133,195,158,437,753 
605,268,56,138,568,720,332,246,489,761 
865,230,464,129,223,252,249,910,304,398 
831,710,831,926,707,450,588,429,466,445 
105,540,884,18,311,695,577,544,753,438 
254,11,762,433,261,343,315,424,251,875 
540,60,154,112,4,286,287,485,340,729 
734,577,29,526,401,763,778,373,680,321 
208,290,234,100,249,572,377,580,864,197 
92,445,680,758,645,838,133,947,819,161 
579,342,723,628,413,675,719,532,854,439 
872,264,836,438,696,81,490,384,728,540 
268,687,64,584,589,407,509,43,613,154 
996,668,399,575,549,948,302,478,667,479 
767,59,903,272,433,157,532,22,529,682 
414,329,922,353,20,984,658,587,116,243 
224,926,781,440,18,360,448,805,435,861 
648,400,400,196,16,30,771,956,923,574 
993,287,863,858,287,320,435,489,890,758 
720,795,387,741,419,467,561,261,368,450 
680,529,618,829,7,647,383,685,135,215 
921,535,792,441,511,144,86,911,106,495 
688,684,227,279,657,17,122,847,15,506 
321,663,513,921,423,593,278,966,328,922 
880,193,161,796,568,94,746,433,523,172 
525,726,913,666,106,497,694,94,725,361 
994,516,895,9,75,407,496,920,786,639 
535,40,27,567,568,400,629,713,924,169 
98,617,15,689,273,699,930,255,527,369 
840,997,508,861,766,923,441,336,60,933 
543,380,400,483,2,908,57,881,621,742 
705,234,271,914,956,102,452,722,821,749 
46,286,624,79,658,499,426,625,7,447 
604,990,688,387,775,432,235,581,177,809 
850,226,109,3,191,76,121,343,165,93 
9,806,393,473,633,410,335,601,911,344 
737,545,167,237,131,423,40,434,193,878 
988,517,601,903,300,589,213,707,690,642 
841,216,224,318,108,565,758,20,137,955 
449,124,692,826,967,887,370,93,327,565 
809,683,748,737,974,771,571,622,430,819 
490,177,44,141,208,930,393,175,436,920 
586,317,53,351,899,645,816,305,329,63 
128,110,926,615,328,873,189,224,572,274 
861,703,806,561,170,345,468,933,38,10 
46,113,735,979,325,704,211,887,783,45 
670,714,887,529,260,55,418,561,234,260 
100,747,374,20,169,998,831,529,327,996 
390,27,232,861,852,178,86,272,262,348 
159,232,108,795,440,1,847,406,638,493 
512,610,904,272,733,997,607,524,566,464 
399,42,158,326,952,766,597,348,877,757 
714,439,909,718,510,797,144,554,892,665 
281,121,188,343,210,770,486,87,990,759 
836,825,527,963,449,598,15,249,341,535 
908,786,130,21,605,634,409,396,33,360 
509,508,407,401,402,229,335,575,870,198 
471,147,397,818,267,484,987,561,900,490 
217,518,432,652,659,962,194,490,233,556 
728,320,577,979,59,808,845,394,196,411 
88,214,337,523,308,855,486,800,272,936 
881,981,309,445,262,934,999,417,665,81 
305,697,481,574,657,417,409,412,139,24 
955,881,833,258,534,541,975,322,798,132 
620,722,418,678,333,721,296,373,652,783 
781,634,918,584,505,541,555,266,854,271 
158,957,986,469,179,783,122,51,56,337 
350,643,92,57,404,761,53,508,964,92 
622,832,66,787,821,163,442,241,74,124 
38,414,347,140,795,508,500,512,10,475 
932,710,730,329,947,82,138,106,776,436 
316,423,751,759,269,550,367,352,290,438 
682,849,236,270,965,801,140,545,271,450 
785,887,519,199,654,923,694,936,505,660 
811,267,982,915,53,769,18,576,555,138 
827,121,400,918,669,321,42,313,287,920 
137,393,708,148,101,135,766,708,960,856 
653,181,426,71,828,403,131,921,196,246 
420,501,778,510,758,62,820,148,668,294 
170,374,685,376,39,175,161,930,390,465 
421,414,521,871,585,115,780,324,486,813 
88,106,389,949,76,640,451,574,926,411 
408,822,39,879,15,292,877,882,64,261 
578,861,329,445,689,976,835,852,401,625 
672,982,665,841,523,463,387,475,360,898 
582,625,642,932,12,725,555,425,986,161 
70,122,518,84,616,122,370,146,565,276 
870,326,583,579,756,239,522,573,213,356 
267,813,873,700,78,59,468,22,6,691 
132,66,511,271,182,571,599,529,256,594 
171,80,897,272,695,566,357,335,933,925 
597,270,823,332,915,39,439,890,874,206 
307,685,804,544,878,294,446,157,681,509 
566,20,129,533,445,938,378,652,415,559 
58,82,646,997,200,835,102,925,730,546 
692,960,86,955,648,975,960,845,282,311 
643,835,825,380,851,798,509,489,718,833 
630,994,995,280,374,358,658,437,705,660 
731,376,181,336,779,27,36,554,537,967 
830,748,815,239,556,134,980,631,935,720 
78,416,95,163,277,315,344,52,786,487 
750,734,198,81,49,563,695,943,395,887 
941,641,6,57,675,116,764,222,417,220 
886,364,431,126,117,768,571,911,343,716 
771,292,33,760,223,952,948,476,989,507 
634,368,8,309,119,1,251,95,148,576 
486,641,878,575,955,870,589,291,283,505 
513,977,122,330,55,735,129,584,513,696 
122,565,908,778,597,385,779,960,481,332 
641,415,999,275,283,544,160,237,539,969 
855,579,33,912,289,627,316,53,881,816 
902,482,560,159,190,721,913,327,823,739 
987,206,734,25,239,77,761,112,162,823 
706,814,156,235,195,315,38,35,19,919 
83,73,926,630,981,29,51,218,688,645 
583,877,308,506,424,256,604,810,332,989 
427,824,823,870,270,364,866,561,308,88 
121,393,379,304,629,753,828,156,208,495 
406,750,352,738,736,67,946,274,512,136 
136,971,145,51,917,117,721,778,580,731 
824,515,561,942,964,26,703,542,778,120 
561,580,263,46,308,919,620,438,129,729 
568,10,961,229,647,788,208,791,400,633 
884,936,253,467,599,580,683,889,920,714 
745,733,993,151,294,690,345,855,779,351 
297,954,751,997,867,303,753,553,438,224 
632,934,966,601,815,202,225,558,236,779 
884,104,263,614,92,123,296,748,889,567 
465,330,325,865,507,427,634,470,692,636 
80,987,181,923,670,596,34,205,776,591 
731,611,95,684,696,984,207,500,377,50 
738,10,195,50,953,770,102,530,306,629 
11,482,701,558,915,838,304,924,587,352 
403,533,940,477,558,267,766,87,422,21 
132,655,126,341,995,724,362,721,997,868 
799,680,530,622,894,99,542,618,136,470 
645,678,748,554,898,845,475,592,335,846 
292,660,511,959,571,603,191,403,76,402 
484,175,661,844,398,93,554,136,817,35 
682,389,132,556,159,203,970,288,547,568 
782,858,429,971,948,366,595,32,771,901 
762,744,814,958,952,989,961,579,187,623 
769,949,626,14,196,229,201,212,440,969 
818,966,288,726,86,591,8,56,172,969 
401,275,896,673,880,317,461,493,209,331 
613,501,986,405,940,756,818,54,797,161 
32,827,956,734,775,976,179,996,71,153 
400,201,103,996,212,688,918,553,262,531 
378,650,141,886,384,965,932,467,577,635 
384,670,197,300,142,765,49,713,127,942 
228,102,901,861,144,258,231,224,652,500 
336,712,662,660,342,798,390,355,791,152 
797,832,990,447,740,199,34,278,890,520 
319,929,509,442,206,344,129,330,127,854 
630,68,456,674,971,236,605,937,33,706 
167,134,371,960,210,976,153,129,461,662 
156,975,798,49,212,737,750,542,253,167 
904,502,943,276,16,620,612,879,526,883 
21,686,145,578,382,807,928,301,640,300 
132,168,981,579,985,746,206,607,811,804 
976,238,830,21,789,72,325,395,78,849 
484,400,726,531,305,815,986,195,989,505 
261,645,897,584,80,903,451,312,982,912 
264,741,46,323,619,965,466,132,876,682 
708,373,764,164,343,901,820,673,979,54 
333,530,595,977,858,947,153,377,785,462 
450,40,417,822,123,930,278,675,402,844 
383,918,210,992,41,890,662,584,940,613 
510,997,715,202,287,91,537,229,757,170 
327,722,116,588,370,866,388,926,505,482 
491,629,220,738,116,158,231,943,117,841 
630,510,998,811,371,438,221,863,508,528 
263,609,823,702,785,663,559,917,988,195 
424,648,335,89,837,82,815,434,708,288 
993,243,535,249,199,389,675,306,409,809 
661,426,715,216,256,303,813,820,67,428 
248,103,920,832,755,798,600,187,853,897 
353,679,22,634,625,73,958,527,788,723 
807,62,282,247,278,860,452,122,707,865 
716,58,699,684,716,941,371,615,831,344 
245,966,564,385,719,754,762,578,566,380 
501,659,474,272,597,482,779,424,407,873 
697,393,85,844,409,111,825,573,275,400 
216,734,800,127,977,610,361,39,412,873 
867,105,463,871,975,693,356,423,662,817 
934,41,401,905,610,981,374,899,35,178 
190,333,302,672,580,502,28,38,328,565 
637,785,449,194,17,546,938,311,953,363 
555,27,701,6,8,491,799,329,318,317 
413,657,74,554,172,450,92,207,871,785 
808,577,47,719,453,66,309,530,966,220 
514,889,911,697,615,99,906,261,337,125 
910,537,316,551,849,4,872,777,180,599 
449,823,573,974,568,782,58,62,703,354 
841,560,2,214,188,160,953,622,226,986 
658,172,977,170,595,838,879,174,941,456 
609,610,484,460,578,807,410,746,124,562 
540,845,885,469,397,484,705,692,702,66 
85,966,599,835,492,309,662,451,282,412 
998,780,629,500,276,179,580,498,75,576 
384,225,775,361,567,968,142,778,263,352 
891,722,791,693,980,509,553,950,811,42 
676,954,201,400,599,344,262,58,111,171 
806,12,377,824,621,184,563,366,11,946 
620,977,371,964,508,675,205,710,198,568 
795,294,315,636,41,617,168,475,885,835 
47,596,310,88,771,251,178,383,756,370 
55,624,619,643,587,850,904,892,854,363 
447,376,101,69,168,798,74,553,694,528 
478,395,663,850,457,346,466,5,601,58 
464,543,102,336,808,577,318,409,998,933 
532,336,638,489,338,978,578,108,824,879 
108,276,213,775,341,450,658,46,691,915 
726,694,777,411,44,95,192,248,297,6 
67,1,761,655,137,73,977,88,916,283 
135,284,950,531,189,761,163,735,101,535 
753,337,822,733,484,554,485,465,942,900 
391,211,43,11,546,270,491,634,148,117 
105,598,995,454,32,17,763,838,406,677 
670,33,192,938,37,427,868,54,365,824 
710,264,13,581,954,209,52,361,664,408 
727,747,566,201,936,977,95,777,770,610 
977,752,192,641,252,907,846,854,383,293 
944,971,252,369,966,880,468,55,689,731 
557,896,311,439,367,848,946,24,502,200 
415,865,42,180,545,98,850,743,86,145 
791,681,282,43,245,987,239,503,644,151 
286,48,709,430,407,957,575,847,325,807 
338,761,109,582,947,118,676,896,637,940 
984,648,297,744,95,790,708,897,52,408 
959,742,128,517,180,246,764,498,396,443 
461,43,21,313,848,823,41,384,245,440 
450,75,369,598,441,661,739,624,789,16 
552,238,905,897,241,861,191,235,26,128 
504,742,902,711,493,220,670,615,327,384 
720,374,427,507,44,16,514,228,402,659 
285,339,895,252,325,203,871,925,64,906 
764,531,648,806,404,63,565,93,993,17 
883,265,441,140,54,526,286,819,674,41 
128,326,687,288,310,160,793,504,828,232 
877,22,654,713,264,150,867,280,26,81 
101,835,295,215,308,585,166,817,42,561 
347,913,161,290,207,976,209,340,847,612 
326,330,930,805,918,357,947,354,191,726 
79,996,511,855,160,54,861,910,752,623 
69,823,394,639,194,493,977,242,99,381 
332,891,871,984,513,696,493,738,350,918 
541,795,536,809,178,146,66,314,801,33 
383,158,418,209,378,350,157,627,394,368 
953,119,652,874,405,445,152,750,945,406 
878,910,711,70,825,525,427,120,633,152 
954,109,367,591,102,115,961,92,567,943 
709,199,854,654,474,803,203,629,138,41 
806,411,100,823,554,408,327,124,238,949 
576,618,109,343,588,121,573,409,329,404