160,900,437,174,464,996,349,67,825,981 
689,742,174,686,213,713,399,884,93,249 
370,385,812,897,465,788,636,143,20,562 
280,819,693,440,710,224,98,716,696,512 
392,528,761,456,698,761,965,557,281,722 
89,81,461,256,33,974,570,402,216,614 
598,80,386,917,790,668,678,347,601,217 
327,490,116,670,649,392,756,855,145,961 
754,913,446,981,104,720,659,305,530,303 
542,173,880,218,562,329,904,715,57,213 
776,440,158,331,209,702,78,195,519,108 
262,571,860,886,384,825,29,19,543,727 
597,62,666,913,229,182,54,525,845,554 
443,584,251,981,544,265,362,713,547,540 
679,627,753,342,957,307,19,616,560,455 
193,818,118,723,185,53,114,831,840,876 
666,820,113,264,632,748,35,503,501,877 
132,441,305,498,252,6,688,23,836,727 
254,22,485,15,587,595,349,174,946,368 
301,371,19,846,14,506,136,681,793,657 
229,382,845,571,360,147,811,128,888,739 
878,498,883,974,719,779,647,665,204,792 
441,894,680,532,284,355,278,82,922,895 
95,180,910,551,875,785,993,588,660,462 
987,957,926,428,10,825,434,993,590,1 
610,102,69,390,119,93,178,887,94,988 
367,556,217,650,276,972,625,773,672,719 
905,982,796,465,166,898,95,188,163,773 
644,296,881,941,16,378,964,168,943,775 
520,643,270,283,802,145,723,274,931,788 
440,281,135,19,687,482,76,367,415,515 
590,507,269,42,559,448,262,559,116,187 
264,606,298,892,185,639,143,636,135,740 
782,105,190,390,498,368,104,556,387,457 
454,538,815,360,133,386,423,653,212,769 
874,913,593,720,320,683,972,157,308,470 
44,982,733,785,125,18,606,164,626,332 
560,857,999,932,561,62,800,84,62,758 
261,316,724,982,591,418,612,603,956,90 
701,646,78,509,436,992,113,409,46,112 
963,381,582,830,879,607,433,243,746,724 
687,999,518,348,548,239,940,87,580,393 
284,696,710,805,225,884,495,850,176,87 
719,689,382,540,553,770,233,510,579,322 
383,751,262,318,979,540,839,118,94,284 
52,480,737,260,306,976,905,544,435,562 
395,983,893,220,591,11,725,714,242,244 
51,183,227,761,583,372,335,410,705,889 
447,716,398,974,903,994,158,388,154,204 
531,716,193,495,380,444,594,289,271,82 
629,727,813,654,610,541,206,192,406,704 
262,347,685,84,592,621,449,614,102,75 
800,221,403,558,612,321,319,324,51,880 
26,725,623,593,556,931,128,495,976,220 
445,476,897,904,258,103,853,505,595,563 
294,219,271,598,639,682,504,755,956,754 
614,980,498,440,99,535,757,995,801,347 
680,533,952,64,919,540,332,793,417,487 
610,503,442,159,635,483,420,461,786,751 
853,34,711,713,259,782,774,501,484,80 
378,990,619,863,290,225,484,203,621,263 
953,83,986,149,589,604,977,425,709,242 
461,282,751,710,714,964,194,180,227,175 
21,32,309,908,116,437,704,820,668,313 
939,92,208,440,342,672,628,516,651,579 
78,870,734,400,789,788,204,313,482,518 
439,969,611,118,503,392,758,572,317,939 
3,307,337,805,138,108,67,454,251,140 
174,637,524,925,464,301,981,350,559,138 
199,312,750,831,539,134,508,446,952,543 
998,947,748,508,250,773,323,600,924,857 
686,649,694,396,210,802,600,381,737,442 
704,310,542,597,811,85,274,100,785,611 
67,451,22,255,260,632,4,80,864,947 
862,782,632,390,152,228,836,402,250,68 
70,827,531,150,370,521,650,327,593,61 
40,346,261,12,618,477,463,395,258,707 
620,495,972,761,574,759,966,135,655,249 
193,54,312,949,69,824,23,890,560,0 
839,179,190,871,73,694,829,144,937,33 
704,377,227,401,763,182,476,448,950,588 
461,738,922,654,506,420,384,872,809,874 
929,494,438,772,384,271,748,540,316,860 
349,222,225,431,50,508,878,537,430,653 
82,652,756,2,880,626,154,61,585,752 
173,566,120,987,555,155,760,813,448,931 
10,428,152,391,955,248,20,837,370,318 
39,379,472,485,64,844,119,996,258,818 
149,727,70,345,706,452,258,612,108,310 
83,918,708,5,790,950,625,104,5,592 
699,529,717,812,402,11,123,926,565,2 
95,593,694,78,376,200,58,590,87,531 
366,621,24,370,981,932,595,161,631,580 
177,536,596,493,810,910,918,952,483,386 
635,502,804,421,849,339,264,751,573,859 
862,884,676,327,788,227,562,179,659,675 
337,103,93,594,529,984,475,124,270,59 
187,420,647,797,999,898,803,914,609,689 
958,208,594,836,625,655,962,972,103,591 
153,248,795,286,420,298,31,940,267,858 
480,381,696,465,645,571,434,332,942,333 
847,51,930,249,456,269,576,873,446,162 
463,628,106,189,705,156,306,91,570,919 
704,68,702,100,196,517,825,68,514,952 
888,523,734,777,84,73,444,149,719,290 
180,113,503,14,682,676,383,717,820,258 
933,19,668,535,598,940,909,412,149,84 
99,840,907,861,147,398,641,814,337,631 
193,69,1,812,682,481,325,171,321,870 
325,3,916,653,548,277,563,943,839,353 
984,559,737,410,485,73,433,199,788,955 
413,63,305,486,112,528,996,417,54,933 
219,66,505,25,413,385,628,996,776,788 
756,585,436,745,775,289,457,931,564,24 
714,627,970,793,517,338,557,697,666,665 
219,629,145,638,804,841,857,611,392,303 
483,452,818,960,717,85,26,113,762,358 
673,740,238,364,981,570,400,453,548,803 
680,471,102,522,168,957,571,727,838,15 
787,682,367,373,804,281,752,745,606,86 
6,998,147,816,77,832,314,932,550,169 
90,185,681,629,987,621,522,339,561,390 
488,217,866,241,48,67,7,505,504,775 
551,316,392,16,518,496,763,732,244,901 
698,628,570,599,546,897,192,131,788,133 
202,155,962,141,217,784,266,825,741,827 
75,524,736,696,707,879,798,623,731,509 
25,824,370,618,832,298,526,381,975,457 
474,15,331,354,833,926,180,84,649,883 
732,148,938,573,686,372,389,967,312,698 
346,445,443,649,217,934,329,510,730,598 
942,9,792,355,406,454,89,210,558,767 
761,366,895,904,715,20,574,414,41,813 
679,653,403,873,847,412,827,244,400,903 
353,32,375,361,491,855,425,692,932,3 
4,815,493,645,515,274,138,302,273,545 
219,868,183,267,498,541,752,966,212,577 
337,224,360,431,782,308,637,431,960,736 
433,591,659,855,163,236,299,464,378,303 
502,1,431,553,404,9,116,372,212,937 
136,200,409,798,507,71,305,335,756,294 
77,149,842,968,812,235,582,352,235,411 
504,347,599,51,401,127,883,810,581,572 
581,971,51,126,186,141,629,756,274,580 
858,824,966,240,707,3,774,79,75,636 
87,578,71,189,618,521,252,251,399,620 
432,472,936,919,577,174,426,672,514,377 
286,504,292,522,863,116,545,548,699,232 
300,21,284,343,900,187,481,753,846,368 
173,536,202,75,537,73,718,436,957,364 
167,732,665,56,727,567,90,775,360,807 
441,888,542,62,333,535,42,816,616,205 
34,18,735,133,838,403,347,461,382,765 
709,373,400,968,551,55,189,756,221,930 
779,360,601,837,805,228,854,501,934,959 
661,491,588,382,539,189,657,362,548,255 
398,308,760,254,240,752,379,561,468,747 
475,700,686,203,906,426,261,834,324,214 
627,717,410,62,584,47,660,133,406,589 
214,468,312,310,33,332,611,185,986,402 
454,227,352,319,414,331,183,915,506,636 
81,550,318,815,476,378,643,122,55,136 
802,464,414,110,857,182,381,482,295,560 
640,910,441,486,801,656,135,46,11,612 
688,255,219,544,602,231,79,268,959,994 
855,212,473,575,343,771,197,616,902,717 
101,327,217,354,416,624,321,818,516,503 
579,41,924,14,102,65,324,250,783,822 
913,363,272,74,782,342,287,766,264,321 
882,409,387,803,897,816,126,357,196,554 
762,225,555,247,936,909,452,221,856,452 
71,302,229,514,486,601,413,161,688,115 
511,317,261,386,373,600,539,350,865,258 
70,44,492,329,519,481,337,993,907,479 
913,697,36,647,119,338,845,995,667,764 
807,686,340,686,833,75,446,978,860,999 
188,139,652,188,191,947,706,618,300,702 
966,580,267,349,682,813,163,879,346,69 
740,563,360,460,733,538,820,41,443,924 
8,911,115,330,1,285,30,12,129,424 
883,262,42,344,475,27,397,772,342,462 
721,66,955,41,815,719,588,885,385,343 
335,564,459,266,337,406,761,804,950,294 
784,726,628,328,90,142,261,713,913,576 
930,43,676,191,516,132,375,901,982,674 
300,234,63,181,904,292,428,624,161,300 
426,862,643,201,561,389,986,395,324,322 
393,30,68,145,169,368,788,566,493,185 
144,333,674,662,479,90,108,506,759,102 
68,426,663,679,550,419,135,491,190,307 
748,689,994,888,193,20,531,312,223,228 
437,39,916,875,526,887,210,313,107,167 
254,244,702,386,233,567,28,42,267,598 
859,345,19,83,88,964,563,744,798,5 
280,538,667,987,368,919,372,496,860,388 
81,886,261,77,571,15,211,881,458,441 
136,496,835,778,562,197,663,349,640,186 
79,584,588,765,450,369,294,53,601,109 
74,160,570,341,368,429,544,646,929,680 
460,411,329,472,445,769,384,297,978,359 
386,854,120,368,502,679,176,934,572,42 
263,908,823,241,601,376,523,304,552,611 
984,26,534,798,28,343,866,788,278,44 
806,726,14,431,383,567,795,13,535,292 
645,497,773,367,377,147,275,673,746,579 
599,289,988,705,835,246,603,739,664,372 
547,818,983,679,585,729,440,313,446,962 
235,265,732,159,28,59,785,410,500,469 
313,714,362,909,632,146,336,877,316,88 
786,584,416,767,321,620,414,329,46,388 
676,620,770,568,599,695,82,307,941,826 
592,369,124,136,76,723,312,818,769,513 
890,968,772,810,892,198,112,771,152,394 
837,306,672,326,638,205,449,942,529,668 
321,511,322,776,727,585,609,46,193,291 
66,980,368,818,251,183,145,621,823,447 
85,768,993,111,799,539,925,148,141,127 
864,506,480,796,239,558,46,130,117,267 
591,666,231,332,260,119,713,371,627,903 
387,372,631,600,230,121,205,873,753,18 
481,590,832,744,999,751,916,31,117,790 
829,886,205,899,355,732,553,245,44,441 
599,895,88,982,364,949,353,130,837,866 
374,161,416,968,55,419,233,722,634,879 
656,241,524,538,856,81,363,192,835,8 
736,214,153,363,986,281,399,812,597,814 
411,699,730,975,774,280,72,111,291,803 
360,98,508,424,846,684,475,442,899,629 
174,43,392,869,764,485,941,466,540,240 
775,354,420,353,823,271,503,651,927,359 
40,780,976,525,811,174,88,224,307,889 
703,357,398,498,624,43,748,666,580,211 
798,582,857,898,852,574,90,645,687,299 
129,72,285,306,976,867,754,520,324,257 
603,625,74,374,542,18,644,940,22,918 
108,378,963,296,417,786,854,367,175,133 
346,743,977,566,861,497,361,656,750,593 
24,996,344,552,66,314,348,382,840,524 
286,85,409,378,950,413,506,837,855,695 
402,332,28,857,787,356,365,805,594,424 
81,910,248,61,934,552,633,255,979,330 
641,78,807,459,694,959,499,742,745,176 
570,172,542,580,353,741,75,7,800,970 
806,615,88,914,78,223,327,806,995,193 
679,395,882,902,278,292,97,709,6,610 
385,343,539,145,689,835,757,207,582,955 
99,244,520,17,768,297,888,239,602,47 
310,602,356,28,704,674,622,68,156,513 
347,762,398,421,128,474,589,900,260,716 
127,331,970,991,125,523,259,768,594,536 
729,77,68,791,215,626,245,828,116,359 
844,485,782,964,188,807,698,114,694,179 
362,232,378,652,504,318,441,223,103,58 
982,527,312,997,939,685,90,200,575,73 
275,568,597,511,371,715,568,104,200,574 
362,252,147,934,212,81,337,679,80,315 
326,675,738,480,364,690,981,878,410,3 
713,36,0,909,474,610,246,892,709,310 
515,291,3,27,571,738,96,279,698,500 
565,266,358,840,353,775,209,554,526,0 
691,686,296,706,726,432,976,258,155,794 
527,10,690,283,574,365,718,729,658,938 
7,139,245,160,713,629,399,607,722,712 
268,286,713,581,335,639,946,478,748,723 
918,130,818,931,567,507,535,700,960,158 
166,70,587,214,244,769,213,132,969,429 
180,599,305,701,288,349,506,846,383,531 
175,577,451,519,235,899,542,303,738,478 
14,893,657,350,299,562,222,618,676,644 
178,540,18,93,866,87,245,153,293,748 
890,548,936,409,238,397,829,343,900,595 
138,766,194,83,678,439,858,627,694,901 
444,38,854,121,497,116,227,49,762,613 
309,269,887,339,378,6,299,921,156,82 
36,19,733,624,105,83,569,596,853,61 
218,696,320,408,217,656,108,274,712,920 
276,766,116,476,929,429,608,315,86,30 
821,777,435,267,965,768,344,490,359,571 
375,468,500,894,691,669,96,741,0,481 
484,919,32,616,641,534,876,909,663,246 
172,457,875,784,477,302,823,579,873,731 
955,301,181,356,9,75,539,122,22,211 
256,806,772,530,440,397,613,143,189,473 
731,355,679,357,10,611,53,498,238,459 
417,282,601,617,58,232,100,475,859,802 
103,134,617,13,940,829,665,916,14,530 
952,556,863,188,452,774,790,541,904,234 
288,782,989,220,165,617,947,614,883,931 
863,970,352,308,278,130,880,380,736,54 
255,396,248,433,632,942,616,265,548,450 
169,825,343,943,207,508,212,754,747,768 
64,749,411,93,380,303,612,145,68,28 
399,713,652,113,913,950,683,238,461,41 
263,384,12,620,968,354,869,679,441,671 
695,428,720,503,923,968,679,796,134,134 
827,663,156,921,290,652,529,493,225,263 
544,347,587,841,55,607,526,787,825,80 
320,965,259,476,215,212,651,797,549,94 
337,388,258,835,921,848,172,938,545,435 
377,869,406,650,781,714,339,303,775,950 
425,332,677,112,658,477,577,984,358,483 
147,354,953,697,781,683,276,933,414,630 
544,452,142,500,89,938,736,230,239,150 
517,288,135,350,893,627,424,955,377,807 
786,331,124,52,305,31,584,11,456,489 
188,574,791,436,643,720,935,664,688,954 
60,848,357,195,137,762,403,84,954,922 
476,853,282,795,204,327,37,964,502,447 
704,210,539,676,117,287,189,517,338,199 
297,146,241,139,347,757,226,709,932,300 
620,974,214,63,386,55,240,696,114,690 
580,276,482,196,62,452,196,57,936,968 
968,292,360,65,239,922,435,361,797,738 
666,762,873,3,819,703,951,442,147,579 
716,230,582,820,441,937,345,115,744,918 
903,915,947,922,16,396,205,889,384,371 
848,805,699,248,741,109,910,323,675,952 
249,547,646,364,536,797,440,896,89,861 
70,74,424,660,257,621,517,911,861,619 
695,87,646,59,594,282,246,904,164,454 
291,5,166,501,637,688,598,50,853,730 
929,406,401,720,885,534,749,434,28,661 
515,358,444,170,123,504,796,166,37,479 
889,764,403,999,335,229,220,222,747,887 
979,773,477,721,54,134,427,557,266,805 
984,947,12,252,251,774,586,150,348,510 
608,120,649,481,215,583,719,342,680,378 
60,632,270,805,529,371,729,990,173,742 
86,232,837,221,140,866,56,433,153,868 
566,302,779,157,504,746,27,963,338,317 
556,536,685,17,778,717,250,751,53,94 
713,587,388,25,711,470,518,156,654,830 
203,435,854,604,753,851,297,177,972,454 
157,502,133,515,746,15,427,945,299,466 
606,224,761,762,247,468,739,779,182,830 
170,913,204,169,641,882,511,838,97,300 
108,709,378,212,814,881,430,988,676,974 
400,720,729,41,242,622,701,268,716,423 
465,60,936,534,504,401,697,92,953,658 
316,902,168,315,159,220,724,620,231,398 
123,959,206,845,218,701,88,379,217,997 
974,200,403,170,68,34,195,528,581,640 
842,315,406,67,549,652,616,977,82,10 
903,120,323,832,431,788,212,696,751,349 
127,588,333,176,311,660,97,575,57,153 
566,672,446,157,235,551,61,125,303,49 
325,613,635,558,608,526,625,441,156,998 
786,848,691,692,974,675,482,814,948,187 
350,505,186,720,626,732,798,902,933,650 
402,221,481,410,526,892,422,860,520,930 
413,371,966,872,897,521,628,502,527,867 
321,977,206,355,372,565,81,316,668,501 
754,573,261,476,161,117,38,63,410,719 
126,329,548,42,999,722,5,720,44,229 
123,817,956,517,813,211,608,851,176,880 
609,638,534,741,754,872,585,466,693,369 
318,594,585,811,612,841,665,465,883,829 
472,484,585,210,585,107,791,550,523,630 
739,270,632,703,607,395,191,166,686,493 
752,680,191,786,885,163,98,154,840,289 
623,34,78,302,198,804,539,743,528,375 
248,193,677,872,743,515,231,989,143,530 
948,490,490,959,601,10,684,974,249,779 
767,694,301,22,73,720,725,849,399,838 
837,635,219,945,387,92,192,582,260,958 
526,55,918,852,801,826,56,86,532,712 
38,518,459,924,833,418,70,541,267,670 
705,66,384,389,688,857,160,76,592,525 
936,515,89,10,105,297,695,661,336,739 
904,596,36,152,512,591,159,396,344,346 
819,207,653,729,742,2,492,911,32,189 
483,530,569,111,723,470,192,619,777,980 
230,348,212,887,584,509,753,596,523,95 
355,859,954,32,910,110,155,380,10,229 
449,147,460,203,986,511,16,280,863,880 
27,356,84,717,525,501,222,777,84,661 
785,920,843,724,612,869,361,661,740,538 
438,439,956,138,353,866,806,942,980,756 
316,426,497,368,295,539,198,41,825,936 
19,800,294,770,940,992,180,162,378,410 
531,901,661,194,663,550,308,909,203,392 
132,533,840,46,966,875,596,818,443,32 
173,302,963,576,860,498,619,740,758,274 
853,490,429,595,729,338,782,963,746,103 
772,802,875,809,450,496,272,251,293,653 
824,230,647,839,944,241,112,651,636,83 
175,259,630,535,287,472,536,754,637,764 
998,149,5,343,461,481,924,972,481,467 
127,376,562,358,523,878,21,248,6,681 
385,858,891,439,936,559,947,111,558,976 
646,495,278,897,762,892,791,228,842,310 
149,88,431,231,820,277,692,609,216,239 
899,905,736,533,541,916,864,637,375,332 
30,781,240,870,924,208,990,940,788,716 
281,314,370,636,847,55,634,407,927,266 
51,812,649,462,476,655,834,292,850,829 
677,804,491,192,629,479,741,23,207,755 
80,734,772,868,658,997,413,444,177,807 
271,263,859,233,653,29,793,885,325,916 
962,507,979,626,932,339,977,748,317,121 
576,926,623,181,352,936,522,245,731,88 
828,642,680,442,332,172,540,753,612,43 
843,752,76,915,243,418,834,787,561,698 
503,858,229,744,374,86,225,233,870,682 
327,842,359,4,88,88,905,312,976,662 
775,556,311,60,507,546,779,921,67,675 
841,670,457,774,706,550,920,541,626,845 
322,71,740,779,446,936,656,765,743,754 
87,409,920,925,998,652,700,338,102,98 
602,904,524,666,541,881,635,987,569,85 
951,510,321,137,389,385,886,355,927,93 
962,4,555,838,955,418,923,308,851,49 
183,514,259,366,726,434,216,936,716,979 
862,347,269,449,489,378,888,752,322,464 
743,820,806,571,650,535,227,6,507,936 
51,794,356,508,171,48,180,868,310,925 
409,675,314,259,616,674,252,736,416,251 
70,180,308,774,7,924,271,266,596,774 
393,316,610,705,360,237,141,483,706,435 
922,302,166,55,809,824,267,22,366,813 
656,38,7,51,251,758,152,866,749,275 
602,510,738,51,594,522,470,976,317,235 
155,283,657,614,183,209,407,335,739,375 
293,415,390,973,480,17,943,386,126,985 
562,821,17,177,729,755,608,594,348,825 
704,267,28,967,839,697,529,527,857,212 
579,17,123,641,829,909,637,241,589,205 
613,645,480,52,126,220,347,438,736,51 
965,141,688,0,432,205,760,675,846,13 
874,162,664,474,293,239,1,618,202,912 
569,946,841,627,949,645,108,43,820,785 
605,915,677,255,819,62,972,415,560,593 
195,750,14,966,509,421,327,166,782,271 
356,225,846,886,757,141,12,427,968,377 
23,280,197,501,600,924,133,560,19,122 
26,613,300,502,186,355,975,438,533,456 
847,912,726,985,632,326,615,201,225,994 
860,123,168,735,306,221,130,935,432,811 
154,91,251,725,46,922,232,743,985,944 
619,603,386,834,4,980,524,716,745,473 
711,271,966,133,845,282,345,391,950,52 
882,643,820,484,391,844,83,21,862,988 
992,809,908,593,450,240,27,142,190,21 
463,323,852,45,113,706,175,157,261,912 
298,216,790,635,318,2,578,254,576,363 
704,14,751,195,997,808,939,278,366,666 
713,429,799,746,115,41,538,735,556,132 
388,474,361,798,57,344,11,744,103,783 
58,985,408,762,659,899,82,227,521,489 
385,269,770,480,180,787,984,502,860,615 
752,683,464,235,231,467,166,982,816,700 
180,500,587,699,420,580,824,997,542,439 
832,844,976,754,644,305,593,720,103,129 
83,400,454,861,830,70,49,330,785,912 
201,905,899,679,856,51,496,232,569,853 
847,366,260,980,592,774,908,342,819,735 
388,469,867,476,371,200,962,423,345,703 
318,787,225,339,953,518,950,79,350,713 
562,31,415,502,306,836,956,141,629,985 
725,138,763,14,65,319,722,134,247,370 
876,31,769,834,36,85,849,651,751,83 
836,92,728,215,43,689,692,137,184,90 
372,240,397,695,584,697,104,294,560,885 
387,459,710,781,335,211,704,933,761,772 
361,362,117,676,543,89,343,285,943,926 
232,394,260,901,749,337,207,441,300,117 
848,727,864,655,43,326,235,560,966,533 
179,109,511,384,965,279,298,465,446,53 
895,887,289,313,170,270,258,341,596,874 
889,608,423,905,43,984,87,261,570,397 
268,2,948,536,228,154,353,270,157,834 
613,493,952,129,254,858,57,677,120,525 
315,689,748,922,897,399,799,364,223,766 
135,239,894,136,824,18,502,603,812,736 
238,58,569,610,463,159,275,10,766,967 
299,694,968,402,552,72,665,925,258,998 
981,478,302,610,199,659,818,328,711,352 
202,415,718,531,627,646,838,397,93,965 
789,792,638,381,264,280,441,405,987,439 
878,490,830,384,747,442,708,143,424,389 
133,84,895,688,627,786,314,783,498,160 
719,94,97,140,399,957,989,559,588,894 
580,633,592,884,254,769,314,762,80,312 
620,196,379,883,552,758,473,980,360,688 
152,12,517,810,814,695,744,810,852,475 
396,327,392,470,644,529,338,364,768,311 
704,906,467,772,909,298,424,526,732,51 
955,269,714,996,396,861,73,836,525,592 
233,993,957,251,610,476,773,643,364,125 
216,612,271,41,608,686,422,308,307,252 
238,772,205,858,693,292,382,698,414,641 
612,363,153,997,955,343,542,61,753,992 
962,809,255,454,754,424,697,567,916,374 
614,668,142,987,666,779,438,824,905,222 
16,297,399,680,558,473,715,191,801,607 
26,387,38,4,599,585,884,717,152,532 
138,35,444,529,646,756,144,589,31,277 
881,893,660,39,331,465,717,164,992,487 
711,468,53,592,262,536,254,928,34,858 
490,295,300,943,17,911,74,266,625,218 
350,951,840,682,333,688,956,476,227,903 
374,874,187,849,534,339,740,283,887,441 
432,612,211,214,22,799,569,300,783,3 
122,440,285,560,348,930,272,761,230,12 
994,432,18,796,378,658,560,168,246,481 
447,653,889,8,734,188,812,606,313,770 
280,754,423,10,258,751,752,41,184,644 
652,645,24,195,879,3,127,411,592,324 
582,717,561,211,921,640,137,421,314,705 
692,909,434,858,156,468,768,85,41,898 
314,366,172,475,471,307,209,865,143,232 
659,49,498,907,601,277,973,1,974,526 
980,603,758,299,873,776,580,690,658,104 
273,250,929,763,400,587,205,108,676,242 
157,437,786,181,501,712,291,103,329,487 
514,481,678,232,956,558,192,841,61,449 
942,860,470,628,874,127,708,975,804,51 
749,404,974,382,548,267,106,935,924,655 
888,133,224,404,372,989,913,11,412,551 
193,355,687,276,20,182,320,85,582,845 
490,299,167,713,509,486,891,967,47,900 
583,855,575,329,78,1,626,749,289,381 
56,943,797,366,592,228,653,393,936,187 
200,208,545,128,622,909,831,819,85,221 
263,684,512,540,609,142,942,302,940,597 
800,529,256,741,620,597,855,336,239,716 
69,308,984,316,783,335,415,102,432,911 
356,474,446,803,787,217,114,791,549,718 
558,288,19,794,594,581,667,52,903,109 
325,329,236,411,199,989,743,443,133,110 
203,376,884,888,423,923,709,699,536,626 
255,974,461,91,925,566,719,651,607,959 
180,871,780,333,625,782,868,775,692,625 
956,169,940,920,83,677,152,515,217,486 
796,945,968,424,419,344,530,807,902,362 
194,258,98,97,958,955,255,663,690,63 
140,252,224,45,200,348,747,604,732,684 
844,21,805,681,515,538,701,934,495,513 
352,904,496,50,36,55,25,81,506,963 
140,967,778,792,38,35,203,16,441,545 
439,548,336,349,220,927,645,878,319,774 
166,130,940,696,543,769,808,518,505,368 
951,182,943,821,714,818,473,746,864,272 
289,744,597,438,411,50,808,205,650,138 
94,679,669,891,572,981,473,637,225,409 
632,935,610,532,247,900,248,598,69,916 
524,648,815,14,834,399,696,759,883,816 
382,617,260,66,416,371,20,308,411,1 
131,60,940,400,286,41,288,584,231,966 
286,494,434,796,134,37,698,946,580,433 
329,404,540,919,670,165,257,764,65,498 
249,713,186,348,936,888,16,313,405,813 
621,432,457,532,958,416,547,155,65,156 
305,843,543,892,298,689,873,411,526,619 
670,569,38,937,762,605,776,818,723,696 
491,440,373,504,17,265,294,927,778,363 
387,440,197,467,592,222,954,857,559,225 
139,364,296,30,944,286,647,297,569,947 
876,626,142,3,11,953,51,74,659,895 
263,793,140,594,444,602,953,877,169,285 
486,802,274,162,891,773,321,850,398,78 
486,367,574,914,2,812,115,247,281,922 
252,786,902,1,816,407,232,479,574,324 
986,912,744,115,137,330,794,274,542,859 
17,824,43,993,582,678,994,558,257,623 
801,679,722,782,634,143,115,371,95,404 
458,305,379,358,227,39,51,191,545,400 
891,820,229,466,893,958,735,152,156,717 
673,28,358,26,660,973,704,847,274,360 
548,846,874,806,526,331,145,690,860,862 
366,581,779,345,206,632,190,250,886,37 
114,5,679,3,325,978,60,724,228,846 
591,124,996,97,81,760,136,723,912,833 
217,699,850,876,108,166,168,79,12,608 
798,305,297,803,415,79,633,961,982,847 
154,487,967,923,817,440,795,187,925,626 
203,903,565,378,619,56,352,127,736,466 
163,613,356,961,900,985,742,172,742,692 
719,50,749,894,710,551,241,384,710,371 
304,445,789,696,548,766,477,999,612,609 
632,798,269,973,428,23,401,837,222,383 
760,918,978,665,91,935,353,239,528,340 
451,60,878,55,316,25,58,596,411,915 
515,94,197,629,512,411,801,576,138,962 
332,603,60,708,580,128,62,78,74,444 
456,705,657,106,740,172,731,686,116,871 
274,473,843,116,123,518,567,460,71,167 
76,572,628,125,692,146,97,794,594,591 
742,532,663,347,721,257,627,472,717,858 
685,372,77,293,62,582,831,715,959,796 
603,442,635,775,194,648,247,148,908,861 
661,743,378,531,632,254,426,853,242,103 
320,945,25,7,545,571,121,240,307,864 
331,478,681,12,418,55,771,456,614,757 
538,971,673,753,344,636,591,461,774,913 
364,877,439,15,869,147,114,599,912,175 
757,945,591,31,788,616,999,528,441,234 
383,969,406,578,116,873,446,635,65,565 
281,891,476,631,462,625,4,165,594,893 
286,141,711,459,751,835,897,876,76,263 
537,641,197,150,876,284,104,387,158,133 
921,625,200,517,903,208,601,835,162,65 
584,89,800,176,135,730,864,709,715,626 
454,559,104,290,556,214,706,350,713,91 
878,397,427,654,302,445,41,595,236,72 
19,387,830,334,251,394,863,521,892,50 
887,495,984,700,688,536,9,702,785,420 
941,525,136,303,860,440,360,501,565,54 
907,76,612,894,920,338,344,233,813,236 
626,214,968,63,680,314,823,559,542,377 
7,114,430,150,834,256,119,306,426,34 
569,805,202,156,48,606,835,487,518,952 
339,895,227,396,59,430,904,149,647,908 
538,12,296,308,185,568,902,148,192,969 
103,464,79,818,109,651,43,321,859,755 
72,44,719,63,589,817,339,88,861,977 
574,442,934,939,520,702,50,49,338,701 
867,865,675,387,972,2,560,229,106,585 
243,136,265,311,316,832,211,216,725,665 
683,43,38,94,536,657,345,948,469,388 
441,857,221,277,227,127,635,362,679,95 
544,346,120,467,790,743,981,293,881,911 
428,437,349,638,533,451,179,395,738,249 
365,533,590,76,368,402,675,135,658,973 
334,748,657,930,685,424,979,702,440,306 
940,848,341,840,321,93,598,789,867,373 
101,931,951,920,287,553,571,228,974,249 
155,47,41,937,921,755,758,11,203,378 
200,683,342,575,859,861,241,735,980,465 
292,426,62,940,63,554,559,244,543,39 
1,496,363,628,468,345,709,905,193,824 
716,790,857,446,605,577,939,26,354,893 
645,994,915,335,498,690,17,389,746,394 
602,974,719,647,334,800,531,936,424,34 
79,747,864,646,927,548,549,394,705,313 
456,644,228,365,427,104,197,703,400,239 
596,686,703,285,37,379,487,639,370,219 
398,872,918,184,212,631,309,443,625,518 
656,80,742,608,764,165,369,56,578,896 
514,19,201,437,682,690,638,233,28,326 
694,222,908,967,402,722,739,723,633,886 
989,200,820,745,897,62,867,111,999,476 
589,73,673,477,20,930,448,190,983,715 
399,704,297,795,668,972,119,575,371,952 
990,506,269,500,522,241,781,465,396,630 
451,303,307,182,162,193,211,217,484,648 
579,318,69,704,768,168,436,731,559,561 
510,880,904,210,909,600,854,580,358,5 
59,550,488,951,712,307,64,356,153,823 
546,746,887,622,650,644,312,937,568,400 
937,406,497,881,467,890,322,182,875,774 
168,262,452,436,123,358,335,68,673,288 
354,431,78,313,791,71,937,72,811,897 
34,366,191,800,312,790,227,23,967,659 
702,987,446,72,954,83,95,760,973,589 
831,331,426,494,5,673,590,965,752,558 
846,724,808,906,621,500,959,348,300,381 
185,650,378,927,381,680,83,127,896,162 
45,801,335,304,733,399,410,293,728,643 
289,99,710,383,998,344,952,654,745,669 
418,470,250,600,988,525,721,976,570,181 
898,168,764,798,381,787,296,742,833,650 
578,943,568,276,541,197,294,947,780,330 
595,151,553,440,648,409,199,155,574,30 
307,9,210,814,781,518,604,520,645,920 
511,260,312,211,507,796,833,834,526,864 
692,588,201,460,534,823,102,904,48,539 
448,869,682,525,155,759,69,302,42,675 
65,528,527,814,645,877,621,559,572,11 
393,258,476,680,207,18,587,926,585,866 
858,499,186,625,763,319,369,128,671,259 
569,656,728,859,853,485,445,519,761,161 
108,868,267,894,593,90,992,44,821,529 
324,243,290,333,201,806,467,515,928,468 
816,255,854,308,734,484,117,980,677,30 
892,918,780,248,753,640,607,645,434,206 
984,61,547,735,636,94,601,464,812,508 
389,952,843,487,605,410,343,823,92,176 
505,447,377,515,903,763,14,348,713,823 
207,949,104,5,170,753,594,794,502,900 
923,174,155,696,13,151,217,174,648,689 
725,501,140,404,70,634,3,649,46,245 
172,122,476,491,578,566,222,749,187,965 
291,669,708,526,166,616,258,451,127,84 
547,629,484,487,739,730,21,273,635,871 
773,648,3,283,68,438,616,267,970,33 
201,635,189,550,395,727,211,867,685,6 
507,440,813,896,486,721,689,492,827,515 
90,257,496,240,179,335,797,537,847,568 
266,895,480,360,296,693,636,446,501,62 
506,766,369,190,755,157,862,80,819,0 
300,804,118,233,346,322,79,368,153,752 
444,602,410,763,341,192,584,773,468,790 
688,364,126,390,605,707,375,832,280,7 
476,553,476,976,170,710,263,626,36,147 
557,7,825,852,879,243,236,774,841,403 
301,115,680,122,765,249,602,370,727,230 
224,315,825,386,710,380,946,625,516,451 
605,556,629,258,4,266,572,64,840,896 
94,17,660,770,898,620,370,69,277,39 
109,603,779,32,886,537,536,978,425,224 
444,666,631,118,660,462,911,241,165,761 
38,56,748,885,894,950,737,829,826,844 
90,518,167,705,244,938,621,376,124,208 
773,295,803,83,54,7,760,869,256,685 
743,584,33,548,439,610,445,124,121,466 
208,331,885,779,775,870,351,332,125,533 
158,41,433,960,925,641,901,586,955,405 
9,785,885,570,302,310,419,515,47,175 
207,807,521,406,545,66,531,230,272,434 
608,186,908,505,169,722,183,913,856,922 
506,481,944,377,627,851,784,315,139,991 
470,691,230,807,184,993,644,464,733,676 
692,594,26,876,168,244,577,118,564,639 
492,301,992,541,519,201,581,926,156,767 
476,247,87,677,506,871,818,512,496,343 
803,396,374,254,328,855,536,998,373,402 
312,63,877,53,851,101,748,278,280,72 
933,70,562,448,807,832,167,443,850,247 
154,517,768,499,795,323,166,7,69,68 
561,242,216,244,46,280,925,701,242,596 
623,61,584,332,329,143,465,833,514,782 
589,882,917,85,367,28,213,932,695,792 
230,344,321,673,719,690,963,296,691,818 
644,438,902,16,192,621,293,822,240,419 
694,213,174,308,431,283,582,603,754,430 
840,518,854,680,185,83,33,503,329,618 
681,631,248,376,42,582,890,108,529,843 
770,835,887,372,474,251,834,563,72,213 
501,245,828,636,48,583,230,557,962,597 
780,378,578,808,585,679,542,282,305,983 
946,361,41,611,42,54,972,865,315,194 
152,870,323,372,360,480,185,785,498,434 
79,32,807,868,924,385,963,902,102,137 
258,529,452,924,395,282,354,232,361,860 
718,922,924,417,175,456,991,388,109,138 
498,934,187,661,479,572,433,70,626,953 
710,415,233,917,363,601,491,969,539,262 
901,70,382,681,639,666,133,789,149,262 
439,495,986,462,98,864,303,677,574,643 
505,821,427,400,393,112,354,594,733,799 
257,907,595,724,264,834,573,277,905,534 
312,40,741,506,62,805,865,269,468,965 
519,668,838,533,968,999,782,839,711,453 
68,53,33,20,247,458,121,169,322,503 
776,944,922,495,249,409,555,424,194,727 
521,990,183,878,596,838,873,849,958,308 
116,117,950,393,678,461,519,428,674,306 
882,252,805,743,655,175,592,671,827,282 
579,571,259,886,571,588,911,651,363,481 
562,476,38,502,854,766,44,897,212,358 
314,514,281,846,500,190,948,548,830,496 
355,472,240,773,110,159,927,250,427,336 
240,876,984,835,360,740,368,841,447,789 
564,980,196,867,291,700,465,274,52,890 
598,320,248,677,75,792,949,758,7,444 
236,50,134,614,196,253,904,675,544,373 
364,844,171,42,803,411,508,719,873,399 
4,781,349,811,772,485,674,569,540,728 
511,246,446,269,729,450,841,645,544,943 
466,39,150,716,916,131,988,253,160,181 
79,960,696,808,919,382,477,725,737,907 
0,999,874,277,685,915,387,45,396,881 
517,957,674,369,330,167,724,661,691,773 
819,210,895,842,227,545,376,795,429,816 
90,708,701,608,333,347,589,546,66,395 
872,443,139,896,620,746,258,833,126,946 
731,655,953,424,766,432,417,123,844,176 
178,442,699,533,902,398,532,326,819,782 
266,824,706,457,133,884,812,28,4,399 
247,871,521,199,382,846,191,39,471,153 
422,872,758,536,447,381,359,447,571,249 
705,514,85,935,781,525,544,765,750,467 
11,421,306,761,370,937,518,205,462,771 
985,896,28,71,199,878,506,430,13,846 
134,704,244,50,449,276,694,933,960,895 
606,91,572,455,948,186,775,586,862,219 
295,632,50,405,568,570,831,62,593,405 
764,279,816,55,904,163,785,685,97,715 
505,110,176,777,26,56,513,167,247,413 
632,732,71,377,111,874,38,51,156,143 
807,509,511,477,774,50,537,128,801,692 
225,388,551,543,800,441,641,917,356,884 
405,126,713,947,969,939,619,492,180,592 
49,522,656,620,395,5,332,862,404,22 
734,725,82,788,845,20,738,917,997,113 
817,205,676,937,213,700,177,441,387,903 
124,307,985,933,16,515,299,980,501,213 
243,952,451,614,529,31,121,667,866,668 
515,417,957,189,913,682,209,707,420,9 
34,647,11,466,146,259,924,145,92,284 
519,533,867,306,844,529,433,529,653,623 
181,703,133,201,516,762,192,397,343,909 
76,108,597,327,413,984,351,849,951,208 
889,274,940,249,857,769,205,698,544,885 
357,836,381,212,378,460,993,599,772,319 
909,790,328,465,63,109,502,441,60,26 
877,549,167,130,345,165,959,928,59,447 
959,977,191,750,447,591,91,727,728,295 
651,395,597,89,665,954,589,532,81,186 
668,979,75,923,377,176,474,222,355,427 
809,946,916,376,381,642,592,170,686,862 
326,935,919,445,157,898,301,916,122,63 
236,661,109,959,244,983,116,32,690,982 
567,823,307,463,691,365,668,275,482,764 
526,621,23,108,717,905,295,686,887,434 
115,860,913,304,394,98,436,525,555,310 
751,971,705,984,238,267,111,837,672,668 
266,550,471,511,878,208,345,331,377,520 
427,329,107,77,180,830,335,945,743,472 
315,325,547,623,531,137,957,562,613,133 
621,947,165,374,854,368,248,544,318,79 
661,516,853,893,823,631,235,443,872,24 
498,493,712,59,987,440,515,870,316,248 
240,167,855,667,733,496,613,278,152,784 
121,618,97,671,498,321,659,158,616,971 
857,481,376,280,685,834,482,809,283,667 
888,304,77,448,745,560,880,46,275,211 
331,92,422,790,895,437,469,371,922,534 
824,626,742,746,13,52,510,488,942,623 
777,269,707,943,103,324,392,887,960,183 
25,603,900,424,169,361,421,976,738,356 
521,779,199,157,795,159,694,318,433,719 
481,620,216,288,587,961,763,639,216,610 
219,404,173,356,936,400,614,494,806,110 
318,491,699,929,257,102,964,906,566,26 
783,820,104,117,579,519,596,113,84,44 
308,183,11,163,986,528,178,983,400,769 
173,291,556,154,572,348,122,851,989,994 
209,691,782,291,527,575,736,510,992,28 
623,241,402,689,134,696,796,995,735,555 
340,62,704,210,520,853,9,599,933,263 
162,400,619,550,66,888,490,141,786,306 
797,437,312,169,708,524,711,734,263,507 
131,622,14,962,546,311,799,770,718,408 
887,166,799,146,545,927,190,95,508,683 
109,726,54,129,313,663,839,564,113,793 
536,50,241,982,426,823,271,359,795,691 
622,937,308,236,9,380,590,753,623,492 
2,261,868,190,375,332,897,233,614,869 
218,454,866,620,925,277,820,643,475,317 
274,180,94,48,703,566,58,721,966,993 
8,491,736,159,389,7,53,58,666,945 
583,44,509,696,250,7,900,488,383,105 
273,102,384,435,881,279,94,630,799,685 
422,939,214,615,58,990,763,36,523,46 
809,324,316,612,517,691,394,509,306,43 
704,685,55,13,887,482,132,811,787,762 
636,13,56,170,412,854,323,189,794,818 
453,501,241,710,362,400,888,300,544,138 
810,338,395,155,904,726,397,197,226,448 
667,485,14,372,74,91,535,258,416,935 
878,596,352,834,582,91,733,166,465,319 
911,403,112,233,428,624,744,686,925,298 
240,930,577,187,927,374,720,722,354,801 
581,170,755,582,983,850,325,991,697,241 
484,782,628,868,634,476,566,622,267,464 
860,515,682,973,35,656,364,264,388,530 
162,941,982,625,365,229,950,993,130,126 
993,942,917,727,770,593,601,878,566,307 
357,929,77,564,395,877,163,712,234,454 
740,0,907,451,463,713,760,333,201,570 
312,60,874,55,720,894,773,813,732,477 
432,482,354,28,828,2,199,566,126,296 
587,10,636,351,224,895,219,76,120,256 
997,507,868,853,808,866,841,54,825,685 
492,556,184,735,630,973,653,705,939,659 
24,355,373,771,254,996,37,773,191,296 
641,340,333,69,577,484,951,777,244,467 
43,676,16,542,218,806,598,689,420,869 
323,402,637,892,202,106,208,851,759,153 
15,199,415,853,701,959,700,31,338,770 
157,18,510,432,761,472,657,771,860,531 
558,593,410,493,984,57,0,781,133,920 
538,487,583,143,535,350,489,243,568,320 
903,400,520,182,582,410,902,623,930,458 
373,696,598,210,356,722,382,93,537,887 
457,790,569,562,923,843,483,579,478,893 
730,524,96,39,953,972,335,577,569,117 
409,456,933,11,153,899,455,387,371,685 
979,93,929,866,217,176,38,63,752,33 
975,875,326,103,394,604,388,655,462,639 
582,647,498,688,80,768,426,234,556,397 
27,515,721,914,96,343,861,347,957,320 
266,747,825,663,311,870,168,225,629,563 
902,857,522,465,968,6,35,884,397,825 
481,932,906,869,886,891,546,274,354,313 
500,440,454,990,798,653,41,163,512,708 
888,677,443,642,856,7,337,406,768,450 
782,732,122,300,315,37,472,491,915,487 
459,4,607,381,478,125,172,315,577,330 
60,576,290,368,2,319,429,860,471,780 
260,319,129,440,458,657,979,529,202,326 
896,130,421,601,921,954,47,788,446,451 
643,489,305,369,885,368,758,252,285,126 
254,548,444,22,987,241,510,751,566,788 
215,985,660,830,275,276,103,459,342,536 
417,153,490,587,443,715,878,914,675,853 
91,992,948,923,850,428,151,130,737,401 
368,603,285,527,43,480,10,122,637,692 
445,380,167,459,290,876,341,58,769,410 
341,421,492,365,899,532,59,27,42,169 
304,301,788,672,455,413,330,171,453,340 
663,225,898,980,822,859,672,911,765,755 
819,195,729,273,171,594,713,859,924,18 
862,703,271,141,39,681,505,814,556,924 
81,849,65,47,231,21,274,645,432,202 
829,584,614,313,682,884,436,652,599,380 
167,362,129,947,353,711,941,120,655,286 
469,159,17,492,878,8,794,707,669,927 
389,87,122,39,551,328,565,83,220,69 
4,939,890,129,982,175,962,485,282,563 
629,418,601,903,658,737,603,114,445,569 
5,418,124,507,591,747,995,718,340,554 
247,378,411,820,320,35,330,632,815,668 
930,93,199,725,293,913,376,915,484,64 
358,323,165,909,208,410,154,544,236,732 
981,740,320,487,959,876,652,851,664,297 
819,784,152,130,425,636,884,9,254,536 
101,246,519,165,842,850,262,752,69,34 
24,952,971,62,372,504,5,533,196,317 
4,471,476,477,97,119,391,426,210,378 
904,490,225,336,806,524,142,622,801,81 
389,742,705,309,418,828,687,849,785,269 
898,974,626,110,667,695,369,958,989,427 
268,153,203,518,637,626,294,12,655,573 
726,9,118,46,941,448,207,569,531,221 
135,959,884,385,567,737,558,602,580,301 
831,300,421,954,979,89,149,441,602,848 
33,378,136,28,852,416,215,204,645,906 
23,210,146,399,781,451,854,53,529,762 
181,126,465,281,833,296,99,477,109,168 
128,284,494,178,140,806,778,127,730,773 
616,947,989,587,991,537,833,998,459,822 
271,643,682,999,703,972,908,24,624,207 
649,250,139,461,684,200,46,530,397,519 
52,408,469,511,65,411,922,42,27,465 
850,695,221,560,197,307,789,691,731,902 
301,155,596,93,687,374,206,882,137,86 
713,204,479,632,463,299,792,711,903,932 
953,910,744,485,798,943,867,959,975,834 
273,581,775,84,819,813,863,739,273,641 
945,164,442,346,817,98,602,771,406,436 
361,733,206,65,864,260,95,458,775,637 
50,556,306,434,953,536,10,12,281,41 
807,804,291,378,691,654,173,313,378,674 
462,516,814,448,46,126,199,183,259,390 
87,403,808,773,139,705,808,218,845,351 
488,347,534,173,283,898,10,330,911,658 
844,989,508,908,368,57,197,410,967,587 
623,175,573,795,646,826,534,581,967,749 
695,787,424,14,114,105,620,985,201,260 
578,215,355,815,701,800,156,484,487,33 
142,140,638,665,358,451,576,758,865,475 
867,191,70,363,349,581,909,123,730,563 
508,631,636,543,531,30,413,684,533,86 
392,877,455,189,557,72,517,998,475,669 
264,38,159,178,900,619,107,76,101,792 
282,924,217,551,512,124,592,236,23,764 
505,313,68,293,295,147,159,344,376,336 
457,628,837,628,568,475,853,791,382,216 
893,244,752,480,434,808,162,538,431,77 
520,411,786,843,639,186,104,274,633,293 
529,790,672,654,886,503,762,782,847,499 
770,197,305,35,903,995,477,399,254,613 
667,606,227,311,277,527,213,386,192,869 
447,83,397,290,330,264,239,883,264,439 
932,356,955,437,358,824,28,104,732,238 
152,626,425,955,229,410,766,569,266,273 
339,385,724,765,264,378,860,789,994,629 
438,202,738,820,349,326,303,735,802,189 
531,11,284,444,795,656,145,98,560,877 
346,689,107,1,372,305,790,993,187,906 
925,185,513,563,987,385,780,156,784,782 
142,68,968,257,550,240,335,192,436,1 
889,711,201,1,366,899,548,225,714,491 
129,178,579,499,917,142,995,894,293,114 
750,79,491,939,493,412,522,441,936,272 
409,252,635,547,875,538,47,217,336,691 
89,876,452,681,616,502,821,271,584,191 
162,116,995,902,238,708,519,864,332,604 
915,683,757,912,491,14,173,858,227,543 
59,97,479,832,103,828,921,159,478,297 
444,200,912,935,517,577,83,52,562,74 
944,172,179,334,907,895,980,283,145,725 
444,498,402,152,672,155,621,566,705,889 
931,434,220,613,83,38,624,162,773,631 
978,172,874,749,260,173,496,726,476,222 
652,382,344,958,976,932,136,986,36,892 
500,505,112,324,916,971,928,614,670,790 
200,377,298,52,647,836,666,292,488,144 
621,19,186,201,387,447,938,201,690,256 
815,385,918,763,851,917,88,516,337,194 
965,320,753,70,399,397,881,740,322,94 
694,115,988,566,528,139,807,96,347,875 
331,769,121,297,820,299,541,183,827,910 
755,334,128,253,28,322,325,203,581,530 
510,168,182,114,605,891,200,991,130,254 
336,638,215,609,776,833,545,900,213,607 
938,28,379,135,324,241,964,921,648,186 
111,457,501,573,621,928,476,183,927,977 
687,716,612,869,90,772,407,460,793,34 
196,281,793,714,819,704,60,559,581,990 
428,142,500,13,840,666,31,331,988,101 
130,366,690,71,476,502,999,422,10,471 
681,419,417,545,28,989,337,334,44,956 
28,567,60,323,246,459,277,395,655,725 
890,961,363,129,200,795,227,651,323,244 
869,741,388,969,710,699,31,263,663,563 
424,923,341,878,725,934,810,390,943,243 
650,612,914,983,968,639,108,219,270,234 
794,840,307,810,630,313,279,666,861,774 
43,142,621,50,867,857,667,938,845,483 
274,887,595,506,632,59,435,339,906,253 
17,485,608,696,562,331,131,222,73,860 
611,260,735,337,541,387,699,834,946,283 
753,405,83,147,711,308,239,105,858,513 
343,378,951,745,993,535,597,131,568,365 
296,164,253,271,161,904,911,954,120,990 
37,733,868,128,828,354,9,366,517,766 
40,86,934,241,268,570,632,425,872,943 
48,626,303,765,223,602,379,479,756,852 
655,577,778,284,728,297,580,313,390,468 
548,812,224,350,419,620,437,869,362,803 
111,154,527,40,762,53,548,826,395,796 
474,213,243,79,915,372,627,643,172,140 
433,50,897,137,656,539,354,639,798,715 
443,479,430,112,874,300,70,6,953,897 
148,80,236,169,257,132,372,258,239,219 
634,174,727,35,375,496,51,988,904,424 
506,843,919,571,353,918,884,634,863,709 
210,796,497,705,902,899,700,452,699,129 
778,972,473,532,891,781,508,845,84,714 
992,873,37,160,961,58,245,711,169,437 
248,414,579,304,616,242,757,992,953,930 
114,212,158,26,693,434,194,299,514,20 
73,947,710,535,629,886,487,320,684,392 
757,690,374,261,624,216,596,600,339,995 
884,444,150,201,985,122,138,59,215,992 
414,178,797,490,270,525,923,776,811,9 
795,188,877,237,716,902,228,880,409,622 
327,986,672,69,891,500,142,112,749,700 
935,969,115,57,756,316,917,208,965,612 
985,25,574,768,436,273,167,245,692,580 
378,232,986,750,889,824,693,135,904,742 
145,865,390,627,623,767,553,948,790,740 
343,772,711,404,281,790,982,923,322,341 
380,240,5,171,850,214,644,770,560,271 
13,18,179,141,103,344,764,743,490,127 
693,132,28,725,983,847,312,597,248,559 
738,932,576,681,949,34,738,828,445,464 
55,961,264,848,165,125,158,749,263,821 
634,912,111,661,313,11,375,157,248,390 
116,560,922,469,115,786,534,906,518,925 
255,636,575,440,357,507,973,533,976,966 
756,541,453,827,535,259,202,971,345,137 
379,616,104,579,999,755,467,870,484,998 
218,428,678,587,284,200,23,391,606,248 
25,967,671,563,927,165,689,897,546,191 
129,769,358,532,40,483,164,347,642,131 
699,475,411,950,96,577,929,421,484,641 
885,443,124,260,643,668,332,721,417,548 
581,235,365,473,734,352,254,398,166,106 
93,420,911,987,652,135,166,857,620,771 
279,756,973,282,446,216,94,51,280,412 
652,543,504,37,991,835,493,319,552,997 
704,450,255,214,212,749,954,75,286,481 
423,919,444,972,650,160,698,369,98,132 
599,673,917,568,966,384,540,780,961,126 
2,327,79,640,374,907,390,906,311,693 
116,268,335,115,655,742,136,770,61,769 
603,786,117,964,152,528,92,664,352,201 
644,512,726,630,111,888,508,601,25,217 
393,961,707,85,664,85,756,862,660,995 
66,966,871,388,878,370,426,822,526,648 
823,437,732,130,226,167,379,254,398,506 
225,371,859,381,352,290,133,688,975,406 
465,688,654,322,272,251,671,990,614,996 
535,238,340,404,595,367,881,358,312,21 
583,956,51,454,82,995,791,701,164,592 
468,133,491,37,636,914,835,148,930,853 
856,823,316,412,732,330,183,603,687,358 
185,211,957,386,169,517,793,376,322,996 
759,609,775,756,566,590,153,698,556,508 
364,674,316,235,944,511,979,899,938,963 
585,980,970,219,994,992,976,989,132,31 
984,25,219,207,196,217,623,334,961,199 
879,566,545,897,679,835,767,891,621,428 
794,146,314,747,96,240,291,291,44,441 
87,189,499,329,923,871,968,767,297,194 
175,706,760,206,222,527,764,644,967,612 
22,375,282,628,862,816,703,880,428,701 
642,542,519,62,663,984,829,691,413,691 
384,117,87,818,306,512,709,127,991,585 
385,446,257,666,941,366,681,159,810,189 
209,460,692,775,575,317,321,346,443,217 
360,256,681,524,902,666,834,544,835,782 
149,967,643,509,283,216,385,980,368,19 
742,484,621,75,31,176,211,495,421,667 
402,308,13,835,87,811,840,894,612,938 
725,871,305,130,57,325,80,397,657,553 
238,337,294,1,245,518,64,414,823,688 
718,774,990,880,200,71,38,917,696,385 
963,267,485,287,839,902,63,218,596,525 
897,281,423,389,271,32,85,33,641,660 
856,643,152,105,202,786,726,104,259,136 
938,977,765,38,88,392,267,982,575,263 
498,340,4,16,736,395,117,493,609,144 
935,215,521,245,816,23,51,932,633,843 
784,333,851,920,300,398,339,257,18,855 
504,442,727,527,16,899,12,806,507,620 
101,95,887,386,326,473,170,971,470,300 
206,755,603,531,863,388,101,721,496,331 
927,204,420,293,967,265,312,534,799,930 
149,153,980,323,235,545,588,629,161,914 
805,492,602,245,384,540,329,79,315,707 
45,53,54,562,215,13,510,654,0,900 
285,925,672,704,971,599,241,961,934,683 
522,481,804,426,919,548,353,492,742,406 
484,958,948,0,796,125,862,519,280,818 
724,161,883,249,535,796,462,135,580,101 
848,415,24,522,657,961,131,621,620,897 
97,245,66,375,459,810,907,488,677,597 
472,529,56,970,92,787,143,147,137,543 
223,306,854,158,224,378,758,134,816,546 
348,173,95,968,618,427,173,406,769,792 
223,860,595,975,608,850,500,302,756,431 
615,995,16,43,445,732,205,373,240,755 
220,474,725,124,331,819,16,181,117,337 
674,617,16,8,253,584,320,133,360,983 
601,69,957,167,10,68,704,285,348,903 
635,318,929,590,676,836,842,441,440,977 
257,374,128,510,389,188,314,49,932,384 
467,842,715,905,584,160,552,282,451,380 
632,163,778,545,541,164,828,799,527,456 
533,43,324,922,873,860,634,502,5,757 
224,614,393,90,757,663,353,849,600,840 
307,286,190,655,371,618,931,328,169,633 
279,906,252,159,601,336,928,639,10,361 
691,960,496,636,950,132,851,187,951,789 
965,91,163,863,522,142,664,692,46,277 
256,760,286,389,777,378,910,756,114,547 
146,456,984,982,704,317,783,68,219,513 
356,330,547,750,687,946,479,739,806,19 
604,159,220,942,503,587,296,566,22,387 
770,491,485,121,128,123,541,213,543,277 
534,77,45,684,445,269,419,684,801,292 
481,900,360,139,513,967,190,842,77,177 
445,512,964,243,888,534,831,475,337,161 
474,108,507,643,334,853,705,261,956,480 
365,395,980,713,877,92,507,905,616,68 
355,782,175,791,476,249,278,900,960,843 
41,540,485,52,699,183,563,522,698,521 
133,963,503,541,924,768,449,70,295,142 
825,470,751,833,816,997,623,958,36,952 
928,702,721,147,258,563,629,12,664,912 
84,534,890,785,866,726,637,708,119,862 
528,650,980,252,853,542,188,974,984,505 
141,772,867,376,198,441,855,467,883,343 
160,722,355,503,488,445,66,122,299,32 
843,671,754,146,773,10,793,985,671,205 
83,364,174,357,565,309,202,107,72,672 
681,981,72,156,715,49,289,781,269,805 
402,459,641,670,257,658,890,995,582,271 
613,846,436,300,898,495,602,497,963,284 
327,415,164,784,140,146,192,726,531,642 
444,955,797,590,532,598,690,750,460,837 
977,635,770,493,328,357,702,973,61,200 
315,0,794,260,951,37,895,80,734,437 
26,483,397,520,993,822,522,68,504,449 
705,299,326,8,586,511,362,74,494,109 
515,743,239,796,589,67,487,416,871,194 
833,727,609,130,284,536,986,856,606,323 
176,536,381,88,425,404,897,760,854,752 
877,362,512,480,684,139,130,343,880,85 
894,933,133,395,931,876,956,558,692,807 
644,463,988,478,300,410,822,123,139,587 
889,643,599,511,464,449,996,681,807,341 
133,464,113,692,382,442,831,700,914,384 
563,966,88,141,90,785,8,803,424,831 
444,92,510,134,929,682,94,997,349,955 
695,944,450,645,980,699,552,226,670,807 
914,136,970,291,982,704,981,651,360,192 
92,117,296,375,41,622,543,109,103,872 
585,261,638,414,45,888,794,38,600,606 
222,593,646,867,254,130,282,404,458,320 
310,165,518,858,203,577,782,262,100,573 
871,926,190,457,553,288,679,724,560,881 
208,283,98,685,965,989,835,605,169,294 
452,93,422,54,346,465,562,902,538,523 
37,926,26,700,87,318,219,133,646,887 
162,384,117,604,422,416,937,827,805,722 
197,298,511,454,717,415,915,542,311,321 
464,153,229,708,275,676,967,61,240,679 
718,731,92,144,323,94,775,902,94,743 
287,475,851,451,231,734,294,492,78,885 
135,22,860,412,633,139,584,588,396,100 
828,995,586,909,850,555,31,396,8,258 
161,813,406,334,711,301,849,307,174,81 
343,722,271,482,171,311,852,87,907,407 
33,39,772,572,223,874,599,87,419,810 
925,297,270,779,430,134,541,548,743,958 
857,842,146,57,985,336,575,119,275,708 
441,665,746,160,635,679,24,164,793,399 
405,781,370,431,360,596,747,343,178,493 
736,742,338,250,283,959,130,468,719,631 
81,414,21,702,138,62,493,984,338,712 
402,303,975,624,940,463,475,916,273,981 
800,948,885,117,365,647,397,487,423,307 
932,780,579,920,629,835,671,770,367,499 
312,858,414,236,222,912,158,702,780,870 
379,21,4,140,380,104,688,331,349,324 
922,40,580,106,468,920,155,914,28,418 
964,683,535,214,51,680,839,744,517,440 
527,264,790,625,147,377,928,842,836,643 
215,164,761,816,602,525,561,368,572,49 
301,586,528,868,995,239,427,625,420,732 
683,624,95,996,238,743,191,111,645,864 
959,908,351,515,14,790,138,664,6,918 
252,67,14,604,519,772,423,835,347,337 
123,169,222,731,633,727,311,370,885,819 
688,846,709,896,385,75,767,399,152,423 
94,908,614,844,203,647,62,581,719,13 
895,750,479,554,185,884,824,477,132,518 
738,761,27,703,433,860,144,409,726,421 
153,584,333,799,352,672,96,900,504,411 
408,512,747,995,379,308,217,881,89,874 
810,671,376,428,493,56,760,548,345,442 
385,623,672,877,456,459,628,139,497,49 
929,340,414,145,98,308,757,138,120,107 
79,874,845,722,893,408,375,277,133,507 
920,825,267,943,601,219,691,356,839,106 
770,730,542,578,684,861,442,790,375,816 
996,665,607,185,417,561,92,290,823,129 
109,951,344,538,775,857,713,573,265,846 
661,191,527,290,946,561,670,814,477,715 
375,979,193,381,757,867,42,98,904,741 
40,417,644,203,183,489,355,529,667,288 
767,12,769,952,212,581,593,199,418,289 
407,169,96,94,177,844,187,932,179,224 
471,813,214,633,29,538,463,514,506,60 
683,696,256,12,664,272,797,0,591,846 
449,738,78,523,374,918,818,346,512,823 
545,319,331,831,477,428,892,538,861,914 
744,245,54,16,768,617,238,203,670,374 
513,498,561,21,900,237,284,6,175,178 
326,194,96,595,986,262,666,567,238,309 
237,443,712,545,670,877,629,854,23,501 
523,819,674,545,230,598,863,803,8,10 
332,25,369,855,476,920,623,7,928,758 
678,928,514,955,424,971,801,307,392,552 
719,427,713,668,766,253,811,144,680,713 
85,87,814,2,358,436,656,411,285,725 
724,372,649,400,970,269,171,776,419,413 
64,92,105,591,690,308,906,354,301,249 
30,628,199,848,688,850,225,211,354,574 
250,692,136,878,987,591,159,157,805,355 
126,704,534,948,178,199,259,448,976,14 
0,51,684,158,946,554,422,421,789,585 
860,335,673,529,410,384,23,986,14,615 
986,8,808,96,945,685,374,910,72,235 
798,762,734,204,557,93,890,16,725,375 
95,746,3,905,926,512,501,373,746,245 
762,487,206,268,708,800,971,963,129,984 
542,154,704,189,878,662,774,460,843,631 
376,707,866,26,114,536,133,867,726,258 
887,915,425,322,429,674,823,605,384,234 
303,49,231,480,64,817,738,78,291,567 
81,881,395,5,218,493,479,585,394,192 
736,290,907,322,541,451,507,231,4,203 
541,286,459,149,17,753,228,35,278,745 
887,883,304,677,314,19,85,671,84,582 
337,499,519,10,425,309,659,77,508,790 
799,221,381,458,306,65,598,34,632,751 
919,953,312,186,308,228,618,7,948,363 
910,29,526,551,375,870,86,87,871,758 
172,987,116,936,765,132,232,23,556,486 
150,616,425,907,904,25,809,749,158,574 
534,663,872,896,789,960,101,506,221,254 
348,426,983,755,864,279,729,590,352,869 
701,729,924,515,759,291,260,685,443,873 
866,3,676,541,544,261,402,979,668,961 
411,780,872,859,665,161,877,175,204,918 
176,30,663,760,237,323,677,796,728,401 
46,902,202,243,277,35,584,127,305,219 
296,24,267,526,229,870,351,50,769,116 
235,214,906,942,428,175,405,285,696,12 
759,609,519,767,955,450,843,307,709,138 
710,141,373,866,42,912,440,192,3,305 
600,474,785,139,363,626,418,832,73,309 
556,214,575,217,376,169,312,955,818,530 
795,131,37,524,880,333,235,870,444,468 
90,210,45,52,506,834,7,956,611,601 
924,175,132,757,386,78,534,495,750,723 
95,308,390,388,466,284,604,50,195,68 
895,134,48,730,924,671,748,517,873,850 
53,470,154,478,365,543,284,778,965,94 
783,358,69,381,769,163,537,586,101,672 
310,190,891,50,882,940,465,398,704,1 
855,550,635,218,191,263,634,726,155,171 
106,849,833,359,769,449,418,307,886,873 
560,401,487,544,709,76,482,381,96,647 
797,49,595,550,16,105,880,501,96,687 
26,92,431,588,767,691,583,124,923,336 
734,494,704,650,986,302,49,640,917,616 
270,731,796,243,898,245,842,288,896,373 
818,358,612,409,321,908,38,670,170,450 
760,382,931,76,601,166,132,675,867,659 
32,490,702,353,516,986,471,704,484,434 
475,875,821,567,190,150,501,180,256,739 
46,382,215,689,338,775,512,458,729,653 
910,856,237,222,165,667,431,73,704,985 
802,772,358,986,28,166,11,71,933,273 
179,159,577,614,298,646,999,756,343,986 
60,78,711,562,154,328,413,742,753,406 
423,757,544,985,340,463,772,343,865,8 
71,750,739,174,284,860,918,415,295,838 
36,889,538,955,170,791,385,85,708,957 
71,851,577,169,58,5,225,246,745,774 
362,558,205,783,874,907,757,694,935,994 
596,194,19,300,638,377,947,971,200,280 
838,29,508,662,66,184,291,837,961,139 
262,734,963,892,397,657,246,571,688,710 
409,866,604,155,534,79,836,970,93,8 
105,581,141,442,453,97,733,838,513,628 
193,993,383,629,544,366,985,575,98,217 
744,945,847,603,665,13,339,373,74,563 
198,131,570,177,151,688,382,433,160,647 
319,831,332,36,585,661,813,96,87,302 
595,691,338,403,999,545,705,933,733,292 
273,368,472,833,878,399,655,26,730,642 
613,63,953,201,526,242,584,924,230,86 
266,273,772,179,465,168,827,424,966,262 
384,709,152,436,239,405,648,492,417,292 
101,752,209,83,507,703,92,781,415,444 
406,620,301,76,257,317,202,52,848,237 
70,365,121,599,969,989,721,227,438,363 
634,44,804,175,823,13,9,83,9,393 
482,778,362,911,134,164,198,134,809,883 
241,483,587,573,643,604,512,254,32,295 
243,905,453,284,147,475,621,283,928,412 
121,916,286,322,982,602,680,636,719,658 
896,624,379,878,467,178,850,432,842,882 
666,853,138,577,454,824,765,47,925,520 
802,339,344,240,527,576,13,992,159,977 
825,661,670,249,667,730,201,713,963,144 
914,639,481,266,233,855,265,694,935,185 
300,208,756,566,395,489,352,72,637,7 
718,550,591,10,949,89,963,915,672,173 
89,88,149,143,697,880,347,776,251,176 
228,459,254,320,786,145,765,349,574,438 
392,531,275,879,454,270,841,67,615,389 
398,923,232,476,991,55,584,357,596,399 
687,730,433,843,519,42,520,519,866,830 
508,406,731,302,761,337,376,444,735,44 
557,301,910,726,860,511,819,964,200,820 
224,888,250,418,353,739,122,147,163,460 
775,192,119,379,761,13,476,319,875,321 
643,169,991,525,771,51,506,734,389,896 
78,121,875,288,102,682,521,456,332,32 
613,557,494,896,562,763,80,725,608,534 
515,833,920,100,218,563,739,613,573,861 
274,56,126,448,408,619,945,806,308,942 
633,396,603,317,525,58,386,848,34,73 
41,17,962,736,875,538,754,802,17,544 
993,135,942,424,60,469,973,836,846,972 
671,961,93,723,826,288,840,530,539,888 
540,965,91,317,574,65,919,623,811,142 
377,41,571,233,540,227,299,285,509,183 
962,278,166,773,243,33,780,259,329,3 
624,117,162,549,642,165,722,729,384,342 
88,43,303,579,877,975,745,687,801,323 
508,632,111,536,188,366,521,211,94,954 
734,626,725,36,912,669,42,741,818,651 
460,701,446,582,351,538,949,996,888,575 
760,226,967,308,763,455,189,247,753,251 
677,863,323,587,367,345,849,817,47,650 
267,164,732,119,241,465,197,819,423,357 
742,46,196,392,128,887,170,815,414,510 
856,607,395,576,290,265,97,784,458,350 
397,783,576,8,279,311,77,634,941,922 
229,37,174,290,299,553,828,204,390,868 
907,438,97,394,534,649,745,409,208,445 
175,495,864,784,341,410,694,627,277,652 
43,369,917,257,629,853,111,655,687,967 
453,545,799,626,698,527,720,213,691,766 
192,468,636,608,748,810,335,943,800,453 
591,331,531,654,994,925,606,324,333,87 
29,84,530,427,166,775,461,485,687,776 
428,853,996,968,132,181,198,296,168,755 
47,619,37,963,529,413,953,77,726,803 
1,902,634,856,954,926,517,626,983,565 
501,223,897,474,409,351,85,970,864,503 
174,465,599,495,396,264,649,881,445,684 
905,670,95,679,291,263,839,525,736,453 
596,388,40,485,253,265,370,796,425,227 
87,586,397,550,949,462,7,95,591,582 
250,695,945,145,970,446,826,580,775,941 
474,893,351,711,411,639,388,157,60,946 
237,589,119,686,447,742,76,188,988,131 
959,129,804,721,597,552,904,535,924,795 
246,337,296,606,110,345,377,856,162,810 
378,550,124,826,581,542,882,100,497,381 
869,959,694,181,760,679,135,855,387,142 
381,537,414,350,805,692,595,62,200,372 
100,910,737,764,372,200,491,182,442,325 
632,485,951,889,774,407,400,837,3,178 
72,879,666,857,925,392,46,2,202,122 
659,184,741,779,4,465,943,842,294,27 
105,221,580,311,838,717,668,730,555,870 
631,20,58,975,269,639,782,186,182,726 
609,545,438,999,753,974,648,111,810,404 
811,176,365,103,866,321,813,725,516,674 
602,624,4,515,295,465,900,456,301,50 
282,235,243,375,509,566,757,26,200,915 
529,722,772,762,17,768,773,670,978,126 
115,956,923,820,720,489,617,792,985,935 
607,809,958,132,555,617,171,496,852,924 
105,840,847,337,991,780,353,292,929,369 
759,437,467,931,665,945,903,459,845,994 
554,689,87,950,884,343,566,161,38,393 
914,392,590,164,802,915,110,338,746,910 
851,567,481,461,361,812,24,553,428,781 
574,531,73,513,393,99,347,918,40,813 
729,902,243,257,332,498,956,238,695,681 
222,155,903,237,67,930,290,106,253,920 
372,436,378,221,372,628,106,909,957,478 
284,232,456,466,572,972,327,21,370,549 
844,684,268,535,216,221,747,680,152,401 
402,772,338,914,587,69,277,949,589,871 
934,315,104,862,375,418,888,405,778,603 
711,300,443,480,597,229,619,804,651,19 
713,910,758,175,83,795,302,840,522,344 
862,302,139,945,558,780,770,313,915,360 
617,462,505,671,751,792,583,754,283,638 
192,575,23,116,930,94,18,429,575,873 
774,90,665,542,440,804,227,820,117,59 
298,200,505,795,114,539,459,808,301,865 
565,839,614,801,120,368,588,292,828,539 
114,356,636,734,835,26,240,856,226,92 
516,829,608,497,814,759,919,106,557,765 
155,23,733,442,152,307,814,741,439,894 
964,105,218,133,314,272,575,887,48,641 
193,302,651,522,537,305,979,4,580,42 
544,306,846,984,182,213,372,987,871,88 
367,296,735,946,940,264,59,901,985,409 
907,586,314,528,990,719,433,985,5,279 
676,926,920,372,24,528,76,795,164,780 
278,707,488,901,793,452,308,530,227,393 
245,307,349,1,218,446,642,663,965,320 
519,524,605,610,208,102,648,738,292,343 
573,338,606,909,751,930,805,9,646,333 
357,326,56,754,84,200,373,354,153,959 
720,168,38,790,441,74,662,212,367,179 
729,95,43,410,5,79,879,922,175,950 
902,199,679,834,213,578,145,389,287,17 
728,538,934,574,77,603,117,362,261,259 
507,734,576,877,561,286,390,464,805,611 
652,295,255,963,284,609,16,614,971,194 
923,536,331,524,268,910,233,734,156,959 
521,798,135,472,997,318,748,268,269,985 
779,23,336,377,958,317,264,366,646,939 
212,252,862,497,799,354,4,459,405,642 
20,427,118,250,831,933,419,422,656,191 
653,240,231,530,518,966,935,993,927,165 
834,325,544,39,620,402,302,215,836,154 
878,53,879,364,912,250,735,257,135,249 
881,323,772,720,229,257,274,802,374,595 
733,3,96,263,980,215,641,70,413,743 
296,47,7,713,426,909,27,467,996,751 
316,187,147,972,701,318,631,488,594,347 
134,832,494,851,796,990,635,48,168,617 
521,559,250,933,469,291,577,810,851,144 
201,524,46,344,665,462,612,61,443,787 
791,508,332,339,350,26,51,726,778,222 
495,824,548,186,104,601,596,935,912,399 
36,165,155,963,547,52,505,765,533,314 
612,469,743,129,148,199,121,131,704,490 
797,149,608,13,323,573,766,398,735,250 
842,585,250,791,396,1,228,83,84,614 
612,136,678,435,422,157,218,818,211,314 
567,447,39,592,696,270,603,403,318,370 
402,710,36,586,801,913,306,746,0,680 
385,212,173,883,814,297,415,869,786,376 
56,876,13,752,740,573,162,686,38,785 
350,302,346,903,810,40,957,503,600,657 
640,361,931,779,52,672,767,626,399,478 
847,99,420,892,885,931,657,342,684,73 
562,658,801,513,163,971,424,422,82,950 
283,811,75,8,133,639,373,546,845,91 
890,554,702,360,236,303,723,234,378,401 
944,59,954,762,115,261,64,293,401,744 
525,753,6,580,419,314,764,844,124,637 
508,767,706,614,499,940,882,440,643,993 
674,712,115,280,529,326,97,535,310,656 
51,314,616,813,757,103,332,291,196,990 
709,310,889,339,902,38,890,762,827,707 
770,957,846,480,385,805,13,369,886,2 
736,858,360,897,832,965,660,657,331,944 
897,330,652,961,679,363,216,38,622,854 
299,661,323,322,273,13,509,692,120,672 
286,924,482,429,797,527,249,870,640,574 
219,11,862,314,518,376,58,586,180,778 
244,76,503,818,850,876,608,499,708,675 
552,118,453,102,450,855,373,362,328,91 
900,169,313,56,64,28,557,50,655,926 
271,670,448,720,793,564,876,470,822,278 
122,565,416,591,400,167,81,266,22,789 
879,176,268,55,601,149,851,275,758,936 
529,32,837,989,878,638,342,465,692,733 
8,618,131,302,524,600,506,521,822,571 
290,908,771,986,468,108,694,717,643,683 
157,336,132,799,593,613,818,427,835,765 
806,756,105,986,11,98,527,212,623,513 
67,62,238,811,761,372,33,747,549,868 
468,873,127,350,125,933,79,664,103,898 
634,3,646,896,606,180,325,205,407,664 
524,106,676,511,710,470,355,755,14,537 
553,13,497,343,814,972,630,415,93,804 
562,310,929,239,513,325,538,594,895,964 
727,167,772,753,38,690,805,185,975,178 
279,322,158,366,71,19,503,417,109,840 
780,555,327,781,66,798,842,454,202,114 
739,770,907,613,531,250,340,787,25,753 
271,653,145,329,290,737,314,919,943,198 
798,885,602,978,970,915,667,99,957,817 
113,974,878,674,543,663,965,680,43,781 
428,673,913,57,167,643,758,323,758,137 
776,729,819,418,715,605,214,794,182,234 
247,815,236,411,123,370,39,24,759,272 
615,830,539,77,7,961,45,868,936,920 
38,476,0,862,978,970,810,736,585,663 
49,520,770,767,663,173,895,286,415,933 
44,878,3,960,433,569,215,834,447,639 
196,236,303,917,873,880,166,858,548,815 
701,911,454,384,292,683,101,168,87,528 
3,9,632,957,539,665,980,561,36,359 
354,497,606,691,213,94,561,611,395,14 
516,278,87,741,363,343,97,639,458,384 
373,885,855,128,712,298,876,803,742,929 
81,644,801,493,688,497,20,380,410,171 
742,577,655,905,274,149,27,720,171,129 
716,481,853,618,447,855,551,297,890,979 
148,926,636,622,312,753,441,690,408,444 
778,293,842,328,97,812,492,939,161,528 
936,403,708,471,325,474,983,945,17,749 
24,893,618,2,440,264,28,694,819,386 
172,169,843,61,963,695,933,242,279,691 
147,18,579,746,256,957,879,385,107,819 
346,19,67,333,955,723,816,175,464,987 
74,44,381,887,395,566,446,953,231,353 
632,66,132,930,49,497,684,169,544,979 
215,48,79,127,198,551,109,276,26,646 
320,162,563,438,7,82,293,44,830,75 
740,387,963,874,88,357,541,245,555,845 
492,236,359,348,651,100,766,759,786,201 
553,609,976,424,457,610,222,351,620,580 
479,865,191,253,291,265,603,174,939,122 
282,735,342,312,624,460,802,839,910,825 
31,551,377,69,277,360,169,262,758,184 
278,217,709,110,237,843,605,842,569,626 
623,675,764,721,36,636,276,236,177,60 
395,32,824,304,182,765,466,256,847,180 
98,419,318,7,597,319,394,289,214,897 
773,364,766,85,790,320,96,451,448,926 
610,806,176,690,584,994,788,446,947,897 
6,617,31,930,960,43,514,344,153,779 
95,114,277,160,939,308,523,328,575,761 
297,368,499,114,514,505,236,528,223,723 
549,930,459,489,569,331,407,553,176,476 
919,605,655,441,452,427,914,619,160,149 
221,130,929,662,800,764,244,514,48,94 
131,649,722,573,265,576,691,689,697,739 
364,136,999,659,529,251,286,480,887,679 
801,907,29,178,573,171,572,183,539,906 
272,40,300,59,785,71,629,602,459,601 
233,503,376,919,830,625,328,147,519,243 
431,51,361,718,188,693,402,947,42,88 
755,731,744,298,638,101,203,99,930,667 
539,693,819,569,938,55,903,322,609,708 
43,585,925,893,236,506,239,328,58,363 
681,218,895,586,619,896,325,716,110,126 
588,798,752,427,731,420,6,513,871,876 
664,404,79,630,365,743,767,386,975,613 
843,814,914,514,515,883,86,31,245,819 
972,620,713,857,846,437,61,292,910,420 
761,553,480,975,909,277,596,189,750,724 
627,618,375,337,731,796,596,554,381,154 
354,326,548,40,451,374,176,249,29,510 
760,634,666,79,695,983,98,882,85,932 
692,218,365,514,548,647,519,12,670,123 
428,213,440,826,879,959,198,283,267,810 
455,693,879,464,541,96,247,545,378,386 
308,776,821,962,203,489,84,388,434,213 
284,841,319,556,595,610,171,205,919,818 
684,933,143,494,504,313,183,737,85,874 
793,232,29,261,951,342,111,515,853,101 
305,748,298,970,641,43,896,483,987,669 
193,592,316,612,537,612,518,107,907,470 
924,997,387,456,949,278,571,283,229,277 
673,861,119,252,518,416,831,62,89,336 
43,956,393,321,210,492,938,451,389,591 
814,755,594,646,333,975,375,32,863,205 
59,785,582,880,104,898,225,745,725,810 
787,614,88,694,459,665,929,562,876,184 
497,236,52,332,249,321,65,800,543,630 
455,432,867,509,703,19,632,162,746,727 
135,825,835,376,541,222,98,836,220,809 
812,862,719,484,312,261,526,170,452,696 
442,909,406,632,602,356,352,482,716,552 
330,559,976,441,899,10,830,353,882,22 
872,293,694,697,49,364,86,113,693,989 
915,114,282,705,281,337,612,298,972,608 
735,135,128,381,773,781,408,193,935,971 
120,467,456,474,78,630,430,159,691,990 
313,151,688,922,238,358,275,86,517,555 
433,145,293,228,181,109,10,433,767,144 
645,127,976,718,490,124,169,417,663,378 
811,150,448,651,337,357,63,143,729,245 
352,940,82,137,179,218,864,571,211,857 
506,836,131,90,661,941,200,736,121,949 
538,433,105,231,660,620,408,526,747,161 
215,200,291,239,939,421,932,902,931,547 
163,634,959,792,702,56,931,986,880,752 
747,262,282,23,930,555,674,720,283,434 
637,391,784,589,152,706,240,145,220,676 
658,873,928,686,384,192,480,124,248,235 
195,466,708,553,739,121,401,791,430,699 
924,500,945,798,312,30,843,104,805,952 
287,167,418,801,340,995,803,217,415,515 
645,194,920,977,102,753,418,827,882,759 
899,719,65,657,731,714,836,816,426,861 
533,486,282,612,166,606,132,340,338,454 
286,457,513,516,138,577,271,650,441,9 
283,119,374,913,404,588,264,270,151,999 
919,501,910,207,640,375,835,270,475,181 
675,676,930,737,541,69,460,974,625,217 
471,758,293,971,499,462,779,601,267,55 
943,672,735,516,563,472,829,859,877,347 
327,218,857,550,93,336,528,593,371,221 
634,1,781,318,103,39,550,81,401,181 
81,113,877,572,742,407,481,93,742,861 
415,970,82,792,663,16,341,945,827,484 
579,608,20,207,777,679,979,895,571,742 
529,987,60,927,343,850,304,344,58,697 
966,129,550,871,257,257,979,839,830,586 
405,34,903,29,229,486,478,619,621,47 
109,857,289,775,354,399,577,837,825,525 
27,216,1,786,917,55,720,851,32,822 
354,869,144,446,709,359,159,586,456,70 
570,250,938,342,140,118,158,746,654,809 
284,441,456,935,835,133,809,140,595,641 
977,666,807,638,216,846,631,434,352,600 
83,118,845,926,4,442,677,748,645,463 
819,1,502,432,629,961,97,14,85,186 
717,855,356,782,144,402,530,469,906,274 
555,67,116,773,995,373,143,431,850,939 
73,192,563,835,339,918,406,906,638,448 
757,359,411,593,540,878,41,237,10,958 
473,787,388,440,14,631,264,868,841,843 
910,634,929,897,507,985,918,800,351,287 
454,832,367,422,225,379,813,191,79,427 
419,678,202,722,390,178,638,769,575,967 
284,161,501,890,942,424,734,496,197,296 
989,595,854,810,508,907,691,802,923,557 
133,295,257,834,775,801,407,838,862,759 
44,506,821,277,411,673,29,990,353,908 
386,660,50,627,976,65,491,225,412,712 
138,426,703,109,369,12,405,110,818,919 
460,869,84,177,232,939,756,138,523,266 
87,130,650,215,275,834,195,618,862,158 
921,443,662,652,114,11,751,129,264,900 
459,761,364,790,259,320,121,495,364,378 
20,246,93,508,489,917,909,749,344,560 
65,820,991,230,147,399,41,307,830,205 
924,167,166,905,432,607,620,403,291,742 
55,724,354,247,582,758,338,58,970,855 
597,889,953,528,247,485,141,6,40,906 
411,427,332,427,990,34,830,884,852,142 
891,955,417,437,123,705,191,686,322,82 
831,348,516,479,977,270,528,500,760,909 
403,467,809,105,741,485,409,256,921,992 
486,660,541,673,774,856,754,551,212,167 
221,786,257,345,644,694,926,242,716,776 
296,753,423,819,525,370,467,527,722,800 
589,560,335,275,525,134,2,865,587,582 
992,517,479,796,338,625,670,307,468,824 
265,243,457,389,519,670,50,193,362,679 
149,453,839,455,290,573,967,45,593,173 
507,698,367,235,484,678,968,824,144,642 
998,492,664,227,247,405,999,471,621,268 
6,880,542,420,354,410,988,640,182,715 
159,439,172,414,374,967,647,963,245,699 
469,975,1,706,192,611,422,910,163,468 
585,365,370,406,665,512,690,605,248,390 
791,58,184,332,157,263,361,595,238,455 
847,822,969,677,248,30,548,79,474,604 
984,526,179,170,795,997,794,518,723,4 
323,68,230,480,681,263,439,928,899,668 
531,279,385,67,65,985,271,987,991,859 
768,513,57,876,382,981,493,994,366,257 
954,2,865,726,263,520,812,685,48,326 
505,382,250,733,486,889,808,846,619,151 
390,964,386,611,315,384,495,75,363,895 
55,997,434,828,164,160,541,374,758,784 
59,957,638,469,329,247,52,489,714,113 
496,260,693,860,21,742,488,798,426,824 
635,986,962,23,15,845,707,238,870,238 
731,95,148,73,567,125,122,727,638,489 
883,278,777,815,496,881,206,837,374,772 
994,640,815,214,355,914,982,666,936,164 
812,116,360,75,391,485,327,546,74,235 
311,973,544,960,947,277,442,6,655,92 
272,604,539,271,820,599,150,811,482,519 
855,893,707,916,319,34,673,118,675,968 
541,886,453,487,588,717,633,160,368,846 
773,968,875,658,786,624,822,249,672,965 
455,720,917,303,681,843,646,136,805,439 
894,203,879,964,507,430,587,174,64,853 
574,488,509,724,145,260,235,481,752,440 
611,52,770,456,262,580,408,131,55,632 
328,933,245,678,579,954,29,675,858,322 
140,328,600,45,665,909,241,315,753,605 
344,64,324,589,277,155,949,834,526,842 
112,998,484,508,971,623,910,738,798,948 
484,883,463,277,962,26,495,438,364,846 
120,983,824,142,160,699,6,503,23,35 
797,291,123,943,399,592,357,160,829,242 
524,677,445,438,528,623,967,948,57,35 
423,815,166,356,741,349,641,635,809,406 
623,252,513,427,54,150,685,812,7,198 
169,349,850,808,633,390,337,740,916,974 
437,857,567,459,868,745,202,553,572,408 
496,669,506,89,880,196,515,415,936,420 
916,174,577,223,772,596,173,568,574,463 
197,292,317,419,815,862,817,744,429,886 
942,174,377,783,867,414,108,435,368,111 
198,542,248,994,415,948,190,986,724,728 
468,275,6,274,63,526,92,843,742,638 
480,544,265,210,743,257,855,775,738,469 
751,745,314,572,200,79,952,512,684,152 
866,153,127,645,130,372,510,149,777,815 
298,519,760,699,267,455,351,415,89,976 
950,933,134,738,544,107,624,713,288,776 
370,754,116,232,218,658,134,686,261,732 
770,582,854,927,769,380,294,114,91,140 
294,285,988,535,976,461,829,206,91,731 
443,286,276,859,541,593,546,836,14,845 
50,80,483,347,9,793,447,54,184,894 
881,333,457,41,351,351,464,679,612,650 
13,227,708,744,502,839,137,623,10,520 
478,923,896,964,472,851,109,611,173,700 
508,7,868,422,399,10,436,41,36,11 
201,179,204,644,753,609,253,571,916,439 
886,714,954,550,386,93,926,289,318,960 
784,12,157,34,617,826,516,722,183,490 
95,93,264,20,545,425,468,693,947,314 
995,645,844,726,853,697,294,614,272,434 
929,91,172,10,73,83,259,830,931,623 
244,900,813,410,286,402,290,816,202,208 
557,896,617,132,981,576,860,192,183,147 
939,818,338,338,85,264,11,588,270,109 
176,907,902,893,58,933,270,57,395,859 
510,263,671,930,546,729,312,307,419,384 
185,665,161,245,788,279,862,539,750,803 
270,261,632,643,883,536,825,915,405,356 
495,311,758,924,429,219,563,240,502,957 
838,819,824,476,664,422,963,623,781,560 
232,756,392,448,31,107,21,785,856,951 
973,792,555,177,236,861,60,720,382,516 
174,777,112,487,656,406,500,274,52,846 
164,266,948,26,727,938,888,695,177,804 
922,141,876,329,931,675,909,421,190,580 
458,202,697,818,959,847,69,221,759,316 
771,656,31,69,614,737,231,57,647,995 
898,157,963,338,749,914,514,538,68,416 
152,676,480,229,606,477,45,943,27,461 
503,233,691,809,940,837,226,326,469,190 
290,491,142,417,879,561,933,104,756,626 
927,162,655,282,542,803,799,935,766,11 
790,345,743,885,289,45,709,582,972,44 
571,400,466,19,687,291,58,967,558,791 
494,870,936,519,981,61,406,429,656,370 
296,351,226,917,107,35,944,192,920,173 
64,943,111,433,933,670,202,630,856,447 
670,914,635,596,100,836,560,894,551,738 
470,259,285,103,395,790,264,216,365,166 
71,748,722,724,117,454,679,930,707,904 
813,557,817,54,664,519,255,300,226,564 
794,860,557,262,491,344,133,831,449,904 
555,602,806,217,894,991,479,715,995,313 
797,196,526,894,785,414,289,362,989,266 
801,272,109,912,448,783,348,269,740,860 
34,423,559,202,971,399,16,850,267,347 
134,761,806,263,605,37,236,799,145,563 
585,92,487,896,427,729,763,769,172,809 
892,234,440,976,508,312,968,658,804,276 
132,987,612,196,424,931,943,647,757,461 
125,644,720,606,866,551,160,181,515,834 
17,747,785,677,973,351,39,969,362,662 
198,566,511,38,151,175,264,854,712,535 
705,52,392,458,550,842,652,714,833,85 
388,373,797,28,672,815,128,698,603,953 
669,559,986,222,327,361,982,478,529,139 
260,481,706,503,910,321,127,421,475,236 
721,120,153,357,205,401,219,614,154,379 
557,245,37,466,116,456,136,432,251,437 
385,854,968,266,62,491,844,365,855,244 
402,690,900,864,63,552,285,15,855,398 
96,846,905,127,637,610,560,278,774,559 
314,488,618,299,774,965,105,291,286,506 
217,122,20,15,302,650,561,32,513,400 
48,882,583,297,58,651,890,362,50,118 
94,641,88,123,113,798,75,407,509,629 
615,316,786,970,159,607,292,793,604,314 
244,946,275,742,299,398,140,975,824,816 
311,716,610,802,217,585,970,19,700,723 
456,394,964,231,726,458,382,783,785,626 
371,434,19,400,402,247,918,633,828,462 
843,727,145,603,833,864,64,264,913,463 
787,989,445,121,73,479,409,694,956,314 
889,617,995,100,290,862,579,664,742,480 
382,676,743,988,277,751,148,277,409,474 
273,308,509,202,128,676,656,695,526,832 
951,525,609,938,87,276,5,752,536,86 
422,309,397,68,391,297,271,861,449,774 
434,293,447,360,343,470,166,768,56,741 
482,22,562,995,84,120,524,654,448,971 
991,844,978,660,214,316,48,308,612,224 
963,254,292,131,223,238,827,875,618,448 
155,131,1,266,513,808,230,567,438,150 
510,681,162,526,559,834,44,958,534,136 
934,61,230,386,333,305,693,851,527,39 
416,297,525,150,943,514,280,185,987,285 
0,639,348,288,95,529,728,723,995,375 
221,880,51,599,767,22,73,699,276,393 
886,590,853,663,139,931,872,241,851,305 
784,980,934,479,286,147,336,728,17,851 
929,603,856,515,901,163,336,157,179,829 
442,405,227,963,964,302,65,324,535,387 
550,629,904,385,5,688,400,950,179,224 
542,893,799,782,45,538,354,763,672,596 
680,243,73,468,652,778,873,297,674,278 
449,845,453,56,367,895,345,848,829,605 
258,556,236,334,484,612,390,946,340,702 
576,327,403,969,886,249,371,120,32,380 
890,413,226,649,812,823,770,667,645,545 
162,141,547,752,550,674,498,809,927,560 
137,853,294,361,305,411,660,136,758,984 
422,717,190,101,990,725,183,52,876,849 
837,480,155,400,633,977,256,828,901,849 
110,182,571,246,205,655,790,292,1,741 
664,870,350,254,994,689,960,683,746,582 
41,972,270,233,396,820,224,882,647,249 
578,656,965,602,488,637,489,661,380,474 
855,820,453,711,100,131,569,935,422,417 
977,142,461,257,572,280,305,236,643,208 
661,716,812,761,274,831,83,709,470,422 
330,151,547,305,232,423,700,546,920,282 
490,562,848,874,365,892,698,729,261,828 
200,918,65,202,352,874,918,593,791,50 
521,23,114,409,585,385,759,16,723,245 
538,645,576,883,932,86,140,984,613,896 
349,856,898,696,956,223,602,917,200,533 
458,217,349,804,680,450,388,879,709,465 
852,608,732,341,174,102,255,157,942,266 
928,9,189,900,373,739,388,743,653,424 
267,541,999,813,143,464,881,55,961,495 
790,179,3,825,281,519,334,841,766,579 
832,637,456,991,17,637,117,739,148,677 
853,157,322,343,457,658,913,344,305,436 
612,309,294,356,637,834,318,549,766,998 
141,85,316,407,312,488,852,133,742,218 
352,246,215,921,898,550,686,789,825,944 
291,837,673,365,897,824,141,183,14,756 
680,947,201,134,497,18,117,966,932,90 
956,174,724,925,247,416,495,734,233,25 
483,803,996,238,324,443,955,401,295,6 
126,456,792,819,316,322,376,882,211,247 
267,471,395,195,573,303,88,278,692,803 
854,131,961,790,47,635,768,300,48,469 
567,625,417,93,484,954,539,686,535,532 
725,221,302,688,223,700,582,720,71,999 
927,209,529,486,929,748,193,888,995,834 
372,104,434,676,52,927,222,797,555,670 
152,804,391,349,992,513,124,309,932,387 
359,959,794,756,102,463,30,739,837,736 
167,675,507,69,475,988,331,521,979,246 
518,596,154,470,486,995,391,431,822,979 
473,718,701,817,314,481,369,849,596,340 
679,737,24,874,961,560,254,509,353,785 
911,755,258,566,702,549,46,483,597,364 
881,857,827,186,980,963,611,947,958,440 
272,422,133,829,28,595,738,382,976,331 
770,569,606,343,769,24,706,238,162,401 
31,846,201,723,645,278,937,543,832,501 
489,161,429,395,841,897,917,859,402,355 
572,425,947,599,907,838,17,581,489,460 
422,865,792,264,626,94,628,36,207,443 
263,6,230,871,327,288,439,130,793,756 
853,153,158,700,448,69,179,852,436,217 
415,869,503,198,566,198,712,742,931,400 
603,81,266,519,89,998,474,880,660,482 
129,596,376,606,626,360,156,392,906,37 
744,385,329,42,73,350,667,76,200,213 
510,24,176,918,406,701,454,747,83,673 
323,310,612,814,453,494,773,528,556,797 
452,797,576,952,594,378,199,244,300,143 
292,785,857,998,467,486,118,989,553,594 
725,380,969,274,605,109,913,211,282,993 
643,310,437,209,415,531,654,7,254,811 
997,929,753,582,729,710,352,421,264,369 
774,894,789,728,546,930,271,240,784,996 
61,990,814,768,104,396,835,53,897,742 
137,848,802,224,643,775,561,190,554,615 
750,695,618,947,557,895,921,497,503,960 
423,10,547,684,216,854,954,890,375,138 
280,122,941,424,766,230,391,544,933,648 
517,128,165,778,623,61,131,726,154,5 
145,458,816,883,727,871,782,110,887,967 
734,303,662,488,581,645,879,1,39,526 
313,272,294,220,537,894,914,721,394,832 
946,849,968,531,808,331,61,26,891,267 
35,615,254,607,495,84,518,276,783,949 
481,20,906,276,329,734,157,847,959,163 
823,218,845,968,594,117,276,653,769,395 
732,368,329,126,522,143,40,145,555,473 
170,612,383,39,371,782,425,364,479,610 
427,646,860,744,926,552,569,118,262,317 
144,251,924,403,294,617,46,426,708,5 
265,719,134,283,471,298,464,674,555,560 
721,226,888,894,503,757,585,947,746,865 
140,48,397,617,80,70,518,522,222,756 
455,305,196,772,837,887,483,865,30,582 
794,864,16,954,747,471,436,679,508,510 
1,690,24,73,292,903,460,527,517,375 
606,2,301,700,110,859,684,179,969,753 
672,875,506,454,447,832,721,382,501,935 
392,957,417,390,144,228,34,786,491,96 
223,259,130,887,323,952,958,943,623,35 
699,813,186,104,249,7,980,191,652,903 
728,908,804,892,351,967,239,222,161,885 
569,718,399,138,494,56,108,353,462,134 
242,875,439,762,856,439,273,15,337,427 
714,341,856,928,833,359,719,963,912,571 
647,557,779,717,146,457,574,456,220,293 
498,914,888,823,223,435,623,613,862,874 
179,881,701,732,898,991,238,106,517,485 
537,933,296,198,781,545,388,890,358,275 
904,982,968,521,343,539,753,652,2,406 
453,732,6,515,715,593,312,7,981,873 
101,121,885,306,694,419,138,550,633,147 
530,254,483,320,57,677,977,548,16,666 
749,29,641,49,525,231,230,591,160,978 
714,503,106,315,127,542,471,161,702,183 
68,159,950,420,537,865,227,347,186,644 
768,680,349,879,975,972,102,384,612,698 
517,260,442,210,537,975,565,852,511,196 
679,362,42,954,726,330,958,171,50,327 
832,41,612,787,709,255,338,187,147,658 
16,967,684,107,344,236,382,897,554,160 
8,327,614,674,824,48,222,323,655,298 
137,669,245,478,698,326,145,211,711,649 
929,593,917,601,784,985,729,859,45,310 
34,919,840,351,314,850,631,573,322,212 
23,396,93,129,894,351,69,829,645,476 
226,369,284,313,905,77,917,778,33,137 
474,585,848,772,586,232,972,920,878,573 
686,760,418,443,609,910,727,289,465,277 
886,761,6,384,207,191,687,486,111,875 
467,651,640,182,314,20,698,445,883,30 
751,981,431,763,453,259,122,378,188,390 
410,770,231,772,487,251,575,766,955,352 
363,376,139,749,12,705,875,74,733,779 
824,657,360,928,575,810,234,897,259,711 
9,676,4,550,484,906,930,652,112,673 
576,192,884,541,694,667,434,134,415,754 
374,134,266,781,850,625,787,288,376,481 
73,939,41,438,43,815,162,830,115,720 
190,758,532,842,734,61,128,273,406,873 
658,577,169,113,195,38,404,526,728,481 
760,135,840,448,273,616,674,169,331,973 
877,819,101,320,290,8,14,221,492,923 
363,327,168,898,818,97,871,360,313,515 
392,562,968,6,642,987,293,854,32,903 
214,91,773,336,288,68,574,577,846,529 
111,884,654,290,141,90,414,642,563,71 
340,914,872,374,810,787,398,849,120,508 
454,237,404,668,990,405,996,740,812,854 
404,884,812,154,867,168,93,348,176,47 
386,878,170,288,949,2,173,274,790,724 
656,462,985,384,507,283,981,165,157,734 
976,93,244,275,376,152,206,764,452,940 
956,917,185,379,375,818,745,537,74,366 
350,97,679,249,869,499,685,348,693,659 
119,620,974,193,976,9,518,33,35,26 
822,791,591,703,980,993,767,131,34,984 
927,164,915,531,930,144,206,586,385,37 
339,981,670,740,266,623,734,771,51,474 
485,295,80,984,444,595,694,171,197,695 
842,658,311,967,57,568,333,342,664,994 
504,112,482,285,957,505,568,98,305,509 
858,424,457,685,676,884,319,571,636,742 
406,314,63,427,406,444,947,923,947,337 
55,271,912,658,887,281,593,719,116,495 
430,611,752,29,331,922,367,302,268,83 
185,415,246,608,12,40,185,519,14,55 
473,797,911,91,540,654,333,547,174,19 
90,41,528,96,624,718,959,177,669,338 
8,624,825,824,433,878,284,348,19,484 
45,578,20,164,925,477,928,857,321,368 
112,215,654,92,51,209,183,31,592,429 
515,973,582,30,514,742,138,486,85,676 
584,14,13,790,293,411,443,262,169,527 
727,524,642,465,268,77,43,969,393,676 
163,765,563,274,930,729,317,365,407,518 
274,915,588,578,697,1,891,751,126,100 
962,51,714,243,609,804,393,783,197,125 
201,560,909,18,490,414,817,908,985,689 
354,585,646,285,92,875,158,381,8,851 
251,586,703,122,822,281,793,284,391,759 
299,65,211,881,159,657,341,540,550,796 
727,149,656,275,695,415,763,838,415,143 
418,123,340,861,165,864,848,345,534,941 
11,760,236,185,588,946,16,183,614,920 
117,452,286,535,596,920,784,28,613,15 
441,715,939,459,335,168,318,808,308,705 
12,715,10,606,377,864,720,406,834,54 
546,183,762,969,504,386,684,949,621,656 
23,345,303,533,751,167,30,760,48,359 
581,84,894,851,166,86,584,378,58,410 
298,620,998,477,330,535,1,665,250,908 
330,665,188,433,398,425,444,748,574,352 
655,680,456,501,513,487,684,379,188,461 
663,91,716,444,420,836,400,17,894,754 
787,371,226,648,672,211,817,75,492,236